<?xml version="1.0" encoding="utf-8"?>
<COLLADA xmlns="http://www.collada.org/2005/11/COLLADASchema" version="1.4.1">
  <asset>
    <contributor>
      <author>Mixamo</author>
      <authoring_tool>COLLADA Mixamo exporter</authoring_tool>
      <comments/>
    </contributor>
    <created>2024-05-25T18:59:40Z</created>
    <modified>2024-05-25T18:59:40Z</modified>
    <revision/>
    <title/>
    <unit meter="0.010000"/>
    <up_axis>Y_UP</up_axis>
  </asset>
  <library_geometries>
    <geometry id="cfpoly-lib" name="cfpolyMesh">
      <mesh>
        <source id="cfpoly-lib-Position" name="position">
          <float_array id="cfpoly-lib-Position-array" count="387"> -0.091700 0.044800 -0.053700 -0.073700 0.050100 0.006800 -0.048800 0.044400 -0.049700 -0.074100 -0.000700 -0.061800 -0.110200 0.000200 0.026700 -0.038000 0.000400 0.030400 -0.077200 0.023200 0.062600 -0.078700 -0.000600 0.073500 -0.080300 0.226500 -0.018300 -0.071900 0.026600 -0.012200 -0.055300 0.235900 0.006800 -0.035300 0.232400 -0.018700 -0.082500 0.026800 -0.021600 -0.055200 0.195300 -0.049600 -0.060300 0.026700 -0.021900 -0.071400 0.026100 -0.035400 -0.061700 0.375000 -0.022000 -0.111000 0.294800 -0.022300 -0.043400 0.317600 0.021600 -0.035100 0.379200 0.003600 -0.000845 0.353580 -0.021426 -0.034700 0.379200 -0.049100 -0.053000 0.206800 -0.021900 -0.043000 0.317400 -0.077500 0.073200 0.050100 0.007400 0.091300 0.044000 -0.052800 0.048400 0.043700 -0.049800 0.073600 -0.000500 -0.061300 0.037600 0.000200 0.029800 0.108800 -0.000500 0.025900 0.076200 0.023100 0.062100 0.077200 -0.000900 0.074000 0.059900 0.025600 -0.021900 0.056100 0.235900 0.006900 0.035100 0.232400 -0.018800 0.080000 0.226400 -0.018200 0.072500 0.025600 -0.012100 0.056000 0.195400 -0.049500 0.082100 0.025700 -0.021600 0.072000 0.026100 -0.035300 0.002939 0.353642 -0.022227 0.043300 0.317600 0.021600 0.035100 0.379200 0.003600 0.034800 0.379200 -0.049100 0.061700 0.375000 -0.022000 0.052700 0.206800 -0.021900 0.043000 0.317400 -0.077500 0.110900 0.294700 -0.022200 -0.170800 0.291400 0.005700 -0.125800 0.270700 0.005800 -0.116700 0.325400 0.003700 -0.164400 0.339100 0.002900 -0.116200 0.326300 -0.054300 -0.163500 0.339900 -0.054000 -0.170500 0.292300 -0.056500 -0.125600 0.270600 -0.056400 -0.098000 0.408500 -0.064600 -0.123300 0.446800 -0.028100 -0.098100 0.408700 0.007900 -0.163800 0.419700 -0.029200 -0.132800 0.321700 -0.010600 -0.132200 0.321500 -0.047000 -0.157800 0.326700 -0.028900 -0.122900 0.522700 -0.029200 -0.053900 0.572000 0.032400 -0.162400 0.571200 -0.029400 -0.107400 0.628400 -0.030000 -0.053800 0.571600 -0.088400 -0.087000 0.514500 -0.010100 -0.086900 0.515400 -0.048500 -0.138700 0.428700 -0.029900 -0.113300 0.423700 -0.014000 -0.112500 0.423400 -0.046000 0.041900 0.583900 -0.029300 -0.041900 0.583900 -0.029300 0.000000 0.553395 -0.060195 -0.045000 0.626800 -0.029300 0.000000 0.569200 0.015700 0.000000 0.655100 -0.050200 0.000000 0.626800 0.018800 0.045000 0.626800 -0.029300 0.164400 0.339800 0.003800 0.164000 0.339500 -0.053500 0.117100 0.325700 -0.053800 0.116500 0.325900 0.003400 0.171400 0.292200 0.006800 0.126000 0.271200 0.006600 0.125400 0.270800 -0.056100 0.170800 0.291800 -0.055800 0.123100 0.446700 -0.028400 0.098900 0.408900 0.008200 0.164100 0.419800 -0.028000 0.098900 0.408600 -0.065000 0.133100 0.321600 -0.047100 0.132500 0.321700 -0.010100 0.158200 0.326800 -0.028200 0.087400 0.515400 -0.048000 0.053300 0.571900 0.031900 0.053500 0.571400 -0.088900 0.109100 0.628800 -0.029900 0.161800 0.571100 -0.029600 0.087900 0.514600 -0.009800 0.123000 0.522700 -0.029500 0.112400 0.423500 -0.013700 0.113200 0.423500 -0.045400 0.138800 0.428700 -0.029600 0.031400 0.475000 -0.046100 -0.000000 0.408000 -0.019900 -0.031400 0.475000 -0.046100 -0.031400 0.466600 0.012600 -0.072200 0.504300 -0.062800 0.072200 0.504300 -0.062800 -0.064900 0.574500 -0.060700 -0.047100 0.504300 0.036600 -0.051300 0.550400 0.028300 0.064900 0.574500 -0.060700 0.031400 0.466600 0.012600 0.047100 0.504300 0.036600 0.051300 0.550400 0.028300 -0.039800 0.432100 -0.053400 0.053400 0.399600 -0.056500 -0.053400 0.399600 -0.056500 -0.000000 0.350400 -0.041900 -0.000000 0.350400 0.005200 -0.034500 0.399600 0.019900 0.039800 0.432100 -0.053400 -0.025100 0.432100 0.015700 0.034600 0.399600 0.019900 0.025100 0.432100 0.015700</float_array>
          <technique_common>
            <accessor count="129" source="#cfpoly-lib-Position-array" stride="3">
              <param name="X" type="float"/>
              <param name="Y" type="float"/>
              <param name="Z" type="float"/>
            </accessor>
          </technique_common>
        </source>
        <source id="cfpoly-lib-Normal0" name="normal">
          <float_array id="cfpoly-lib-Normal0-array" count="654"> 0.018200 0.995584 -0.092098 0.094299 0.208397 -0.973488 -0.761278 0.625282 0.171695 -0.889264 -0.280889 -0.360986 0.724364 0.640768 0.254387 0.858399 -0.391399 -0.331599 0.671399 0.650099 0.355800 -0.726711 0.635510 0.260804 0.003700 -0.999822 -0.018500 -0.789973 0.294690 0.537681 0.002200 -0.999941 0.010600 0.698801 0.261000 0.666001 -0.706784 -0.008000 0.707384 -0.129593 0.963951 -0.232388 0.773085 -0.117698 0.623288 -0.663529 -0.005100 0.748133 -0.771293 0.019100 -0.636194 0.638997 -0.089400 0.763996 0.769595 -0.126399 -0.625896 -0.781629 0.022901 -0.623323 -0.095894 0.666456 -0.739351 0.887343 -0.101405 -0.449822 -0.590477 0.360286 0.722171 -0.687325 0.287511 0.667025 0.599308 0.800511 0.003600 0.599308 0.800511 0.003500 -0.152500 0.988302 -0.001800 0.489428 -0.177210 0.853848 0.489495 -0.177298 0.853791 0.991099 -0.113300 0.069900 0.845232 -0.299011 -0.442917 0.709718 0.213305 -0.671417 0.709591 0.213497 -0.671491 -0.683939 0.378722 -0.623536 -0.449105 -0.292603 0.844209 -0.520275 -0.345784 -0.780863 -0.654328 0.403717 -0.639427 -0.013400 0.994393 -0.104899 -0.068899 0.214096 -0.974380 -0.732448 0.634055 0.247982 -0.853975 -0.399388 -0.333490 0.775897 0.607298 0.170799 0.888832 -0.285010 -0.358813 0.740781 0.617184 0.265193 -0.678497 0.643297 0.354698 -0.010400 -0.999838 -0.014701 -0.709116 0.289507 0.642915 -0.009600 -0.999946 0.003900 0.797666 0.295087 0.525978 -0.762373 -0.101196 0.639177 0.131205 0.961938 -0.239709 0.722472 -0.006000 0.691374 -0.610073 -0.118295 0.783465 -0.873475 -0.097597 -0.476986 0.704594 -0.004800 0.709594 0.806103 0.018000 -0.591502 -0.734385 -0.125197 -0.667086 0.097897 0.667683 -0.737981 0.781914 0.021600 -0.623011 -0.678999 0.121000 0.724099 -0.679007 0.120901 0.724108 -0.624509 0.781012 0.003000 -0.624399 0.781099 0.003200 0.687063 0.286185 0.667864 -0.809513 -0.273304 0.519608 -0.722905 0.206701 -0.659305 -0.723111 0.206603 -0.659110 0.154093 0.988055 -0.001400 0.685396 0.377798 -0.622496 -0.855163 -0.290687 -0.429182 0.655825 0.402715 -0.638525 0.589504 0.359402 0.723405 0.520685 -0.346490 -0.780277 0.447783 -0.293589 0.844568 0.014701 0.036002 0.999244 0.000600 0.058599 0.998281 0.276702 0.960806 0.017000 0.276791 0.960767 0.017699 0.276793 0.960777 0.017100 0.275910 0.961033 0.017001 -0.990771 0.135496 -0.003800 -0.989500 0.144100 -0.011200 -0.989369 0.144895 -0.012400 -0.990932 0.134304 -0.003900 0.018899 0.036199 -0.999166 0.009500 0.051102 -0.998648 -0.435083 -0.900264 -0.015099 -0.417002 -0.908905 0.001000 0.986608 -0.163001 0.005900 0.986642 -0.162807 0.005600 0.986007 -0.166601 0.005900 0.986655 -0.162793 0.003300 0.833983 0.551789 -0.000800 -0.359007 0.505309 0.784714 -0.490028 0.010001 0.871649 -0.331397 0.526995 -0.782593 0.930841 -0.365416 0.002300 -0.593766 -0.035498 0.803854 -0.569493 0.058799 -0.819890 0.927579 -0.373292 0.015800 -0.477494 -0.033700 -0.877989 -0.457604 -0.369803 0.808607 -0.447605 0.437305 0.780009 0.726435 0.687233 -0.001700 -0.501319 -0.308412 0.808431 0.869587 -0.493693 -0.009300 -0.436282 0.411183 -0.800367 -0.443487 -0.364589 -0.818776 0.862410 -0.506206 0.002400 -0.456510 0.070502 0.886920 -0.497220 -0.287711 -0.818532 0.959953 -0.278915 0.026401 -0.512500 0.112400 0.851299 -0.457901 0.083200 -0.885101 0.963359 -0.268189 -0.003800 -0.196596 -0.980480 0.003000 -0.503795 0.116799 -0.855891 0.000200 -0.977441 0.211209 -0.000200 -0.977441 0.211209 0.000000 -0.712883 0.701283 -0.613973 -0.044598 -0.788066 -0.613906 -0.044800 -0.788107 -0.613690 -0.044599 -0.788287 0.000000 -0.950870 -0.309590 -0.463918 0.086603 -0.881635 -0.737295 -0.036300 0.674595 -0.729497 -0.053400 0.681897 0.737295 -0.036300 0.674595 -0.375502 0.857704 0.351202 0.375502 0.857704 0.351202 0.729497 -0.053400 0.681897 0.613903 -0.044900 -0.788104 0.614019 -0.044701 -0.788024 0.613835 -0.045103 -0.788145 0.463918 0.086603 -0.881635 -0.281092 0.959673 -0.004000 -0.281607 0.959523 -0.003700 -0.280604 0.959813 -0.004500 -0.279693 0.960075 -0.005300 -0.030601 0.055001 0.998017 -0.026301 0.058702 0.997929 -0.030401 0.054702 0.998040 -0.029901 0.053002 0.998147 0.418385 -0.908268 0.001900 0.418709 -0.908119 0.001900 -0.014100 0.045199 -0.998878 -0.013601 0.046202 -0.998840 -0.012700 0.040001 -0.999119 -0.008100 0.047801 -0.998824 -0.985302 -0.170500 0.010500 -0.988773 -0.149096 -0.009900 0.989416 0.144902 -0.007700 0.989383 0.144998 -0.009800 0.989835 0.142005 -0.007800 0.989406 0.144801 -0.010400 0.340998 0.531197 0.775596 -0.843659 0.536874 -0.002400 -0.930611 -0.366004 0.001900 0.350287 0.523081 -0.776972 0.484180 0.003100 0.874963 -0.934030 -0.356912 -0.014200 0.606008 -0.036701 -0.794611 0.581203 -0.039400 0.812804 0.491679 0.014099 -0.870662 -0.855572 -0.517683 -0.000200 -0.855385 -0.517991 0.001100 -0.716586 0.697487 -0.004000 0.450788 0.415789 0.789879 -0.856034 -0.516920 0.000100 0.517008 -0.413806 0.749311 0.465472 -0.319581 0.825351 0.452719 -0.330514 -0.828134 0.441291 0.398792 -0.803883 0.472805 0.089501 0.876610 0.486101 -0.390501 -0.781802 -0.965601 -0.258900 -0.024200 0.501802 0.083900 0.860904 0.442811 0.099102 -0.891121 -0.962807 -0.270102 0.006900 0.198094 -0.980173 0.004500 0.510424 0.086704 -0.855541 0.000000 -0.364207 -0.931318 -0.546694 -0.828891 -0.118599 0.000000 -0.496128 -0.868249 0.000000 -0.496010 -0.868317 0.000000 0.029399 -0.999568 0.000000 0.029099 -0.999577 -0.845923 -0.488614 0.213706 -0.979659 0.096596 0.175893 0.000000 0.029599 -0.999562 0.546694 -0.828891 -0.118599 -0.968615 -0.044201 0.244604 0.000000 -0.538395 0.842692 0.000000 0.965228 0.261408 0.000000 0.178797 0.983886 0.000000 0.178894 0.983868 0.846081 -0.488389 0.213595 0.979659 0.096596 0.175893 0.893879 -0.443789 -0.063498 0.968617 -0.043601 0.244704 0.000000 -0.484301 0.874902 -0.893879 -0.443789 -0.063498 0.000000 0.096305 -0.995352 0.000000 0.096295 -0.995353 -0.677615 -0.735417 0.000000 -0.775618 -0.601514 0.191304 0.000000 0.096404 -0.995342 0.000000 1.000000 0.000000 0.677615 -0.735417 0.000000 0.000000 -0.285402 0.958408 0.000000 0.128193 0.991749 0.000000 0.127800 0.991800 0.775601 -0.601601 0.191100 0.911395 0.363098 0.193699 0.926590 0.298697 0.228498 -0.906437 0.357914 0.224209 0.000000 -0.285494 -0.958380 -0.934152 0.296785 0.198190</float_array>
          <technique_common>
            <accessor count="218" source="#cfpoly-lib-Normal0-array" stride="3">
              <param name="X" type="float"/>
              <param name="Y" type="float"/>
              <param name="Z" type="float"/>
            </accessor>
          </technique_common>
        </source>
        <source id="cfpoly-lib-UV0" name="map1">
          <float_array id="cfpoly-lib-UV0-array" count="250"> 0.430800 0.004100 0.004100 0.443000 0.589300 0.211300 0.349500 0.703100 0.609600 0.162600 0.674600 0.150400 0.634000 0.203200 0.544600 1.032200 0.788400 0.373900 0.552700 1.032200 0.837200 0.325100 0.544600 0.186900 0.028400 0.646200 0.524200 0.126000 0.552700 0.890000 0.532400 0.731500 0.195100 0.922500 0.365800 0.195100 0.117900 0.487700 0.016300 0.540500 0.552700 0.195100 0.556800 0.694900 0.353600 0.890000 0.682700 0.105700 0.727400 0.942800 0.004100 0.447000 0.617700 0.178800 0.361700 0.727400 0.581100 0.191000 0.341400 0.682700 0.625800 0.182900 0.678700 0.170700 0.548600 1.032200 0.845300 0.341400 0.780300 0.349500 0.520200 0.121900 0.028400 0.654300 0.544600 0.199100 0.532400 0.743700 0.552700 0.881900 0.191000 0.918500 0.394200 0.219500 0.365800 0.881900 0.349500 0.890000 0.353600 0.186900 0.491700 0.020300 0.000000 0.499900 0.528300 0.662400 0.487700 1.011900 1.016000 0.552700 0.512100 0.369800 0.150400 0.402300 0.288500 0.203200 0.569000 0.174700 0.280400 0.967200 0.605500 0.361700 0.564900 1.020100 0.739600 0.178800 0.345400 0.211300 0.089400 0.426700 0.682700 0.369800 0.353600 0.991600 0.731500 0.983500 0.520200 0.166600 0.552700 0.361700 0.516100 1.024100 1.032200 0.520200 0.516100 -0.445700 0.167600 0.500500 0.268400 0.564800 -0.019100 0.500500 1.051300 0.500500 0.351400 1.272400 0.680800 1.272400 0.864700 0.500500 0.763800 0.564800 0.000000 0.508000 0.491700 0.004100 1.020100 0.536400 0.487700 1.028200 0.495800 0.434800 0.540500 0.597400 0.288500 0.154400 0.150400 0.459200 0.605500 0.438900 0.280400 0.946900 0.569000 0.121900 0.564900 0.995700 0.682700 0.443000 0.085300 0.471400 0.349500 0.154400 0.739600 0.134100 0.731500 0.967200 0.357600 0.967200 0.520200 0.113800 0.552700 0.438900 0.516100 1.003800 0.516100 0.329200 0.239800 0.085300 0.516100 0.256000 0.516100 0.524200 0.077200 0.264200 0.008100 0.564900 0.792500 0.085300 0.016300 0.499900 0.516100 0.231600 0.516100 1.016000 0.516100 0.613700 0.955000 0.264200 1.024100 0.564900 0.979400 0.284500 1.016000 0.499900 0.516100 0.268200 0.052800 0.284500 0.516100 0.573000 0.166600 0.134100 0.113800 0.207300 0.516100 1.032200 0.865600 0.134100 0.516100 0.369800 0.516100 0.581100 0.918500 0.207300 0.991600 0.682700 0.040600 0.682700 0.516100 0.365800</float_array>
          <technique_common>
            <accessor count="125" source="#cfpoly-lib-UV0-array" stride="2">
              <param name="S" type="float"/>
              <param name="T" type="float"/>
            </accessor>
          </technique_common>
        </source>
        <vertices id="cfpoly-lib-Vertex">
          <input semantic="POSITION" source="#cfpoly-lib-Position"/>
        </vertices>
        <polylist count="192">
          <input semantic="VERTEX" offset="0" source="#cfpoly-lib-Vertex"/>
          <input semantic="NORMAL" offset="1" source="#cfpoly-lib-Normal0"/>
          <input semantic="TEXCOORD" offset="2" set="0" source="#cfpoly-lib-UV0"/>
          <vcount> 3 3 3 3 3 3 3 3 3 3 3 3 3 3 3 3 3 3 3 3 3 3 3 3 3 3 3 3 3 3 3 3 3 3 3 3 3 3 3 3 3 3 3 3 3 3 3 3 3 3 3 3 3 3 3 3 3 3 3 3 3 3 3 3 3 3 3 3 3 3 3 3 3 3 3 3 3 3 3 3 3 3 3 3 3 3 3 3 3 3 3 3 3 3 3 3 3 3 3 3 3 3 3 3 3 3 3 3 3 3 3 3 3 3 3 3 3 3 3 3 3 3 3 3 3 3 3 3 3 3 3 3 3 3 3 3 3 3 3 3 3 3 3 3 3 3 3 3 3 3 3 3 3 3 3 3 3 3 3 3 3 3 3 3 3 3 3 3 3 3 3 3 3 3 3 3 3 3 3 3 3 3 3 3 3 3 3 3 3 3 3 3</vcount>
          <p> 0 0 0 1 0 0 2 0 0 3 1 1 0 1 1 2 1 1 4 2 2 1 2 2 0 2 2 3 3 3 4 3 3 0 3 3 1 4 4 5 4 4 2 4 4 2 5 3 5 5 3 3 5 3 6 6 5 5 6 5 1 6 5 1 7 6 4 7 6 6 7 6 4 8 7 5 8 7 7 8 7 6 9 8 4 9 8 7 9 8 5 10 9 4 10 9 3 10 9 5 11 10 6 11 10 7 11 10 8 12 11 9 12 11 10 12 11 8 13 12 10 13 12 11 13 12 9 14 13 11 14 13 10 14 13 8 15 11 12 15 11 9 15 11 13 16 14 12 16 14 8 16 14 9 17 13 14 17 13 11 17 13 14 18 15 15 18 15 13 18 15 13 19 14 15 19 14 12 19 14 13 20 16 8 20 16 11 20 16 14 21 15 13 21 15 11 21 15 16 22 17 17 22 17 18 22 17 16 23 17 18 23 17 19 23 17 20 24 18 21 24 18 19 25 18 19 26 19 21 26 19 16 26 19 22 27 20 20 28 20 19 28 20 22 29 20 19 29 20 18 29 20 20 30 21 22 30 21 23 30 21 20 31 21 23 32 21 21 32 21 16 33 22 21 33 22 23 33 22 22 34 23 18 34 23 17 34 23 22 35 24 17 35 24 23 35 24 16 36 22 23 36 22 17 36 22 24 37 0 25 37 0 26 37 0 25 38 25 27 38 25 26 38 25 28 39 26 24 39 26 26 39 26 28 40 27 26 40 27 27 40 27 24 41 28 29 41 28 25 41 28 27 42 29 25 42 29 29 42 29 29 43 30 24 43 30 30 43 30 28 44 31 30 44 31 24 44 31 28 45 32 29 45 32 31 45 32 30 46 33 28 46 33 31 46 33 29 47 9 28 47 9 27 47 9 29 48 34 30 48 34 31 48 34 32 49 35 33 49 35 34 49 35 34 50 36 33 50 36 35 50 36 36 51 37 35 51 37 33 51 37 32 52 35 36 52 35 33 52 35 37 53 38 32 53 38 34 53 38 36 54 37 38 54 37 35 54 37 35 55 39 38 55 39 39 55 39 37 56 38 39 56 38 32 56 38 37 57 40 34 57 40 35 57 40 35 58 39 39 58 39 37 58 39 40 59 20 41 60 20 42 59 20 43 61 18 40 61 18 42 62 18 41 63 41 44 63 41 42 63 41 40 64 20 45 64 20 41 64 20 46 65 21 40 66 21 43 66 21 43 67 19 42 67 19 44 67 19 44 68 42 46 68 42 43 68 42 46 69 21 45 69 21 40 69 21 46 70 43 44 70 43 47 70 43 41 71 44 47 71 44 44 71 44 47 72 24 45 72 24 46 72 24 47 73 23 41 73 23 45 73 23 48 74 45 49 74 45 50 74 45 48 75 45 50 75 45 51 75 45 52 76 46 53 77 46 51 78 46 52 76 46 51 78 46 50 79 46 54 80 47 51 81 47 53 82 47 54 80 47 48 83 47 51 81 47 52 84 48 55 84 48 54 84 48 52 85 48 54 85 48 53 85 48 48 86 49 54 86 49 55 86 49 48 87 49 55 87 49 49 87 49 50 88 50 55 89 50 52 90 50 50 88 50 49 91 50 55 89 50 56 92 51 57 92 51 58 92 51 58 93 52 57 93 52 59 93 52 59 94 53 60 94 53 58 94 53 59 95 54 57 95 54 56 95 54 58 96 55 61 96 55 56 96 55 59 97 53 62 97 53 60 97 53 56 98 56 61 98 56 62 98 56 58 99 55 60 99 55 61 99 55 56 100 56 62 100 56 59 100 56 63 101 57 64 101 57 65 101 57 64 102 58 66 102 58 65 102 58 67 103 59 66 103 59 64 103 59 63 104 57 68 104 57 64 104 57 64 105 60 68 105 60 69 105 60 65 106 61 66 106 61 67 106 61 67 107 62 63 107 62 65 107 62 64 108 60 69 108 60 67 108 60 70 109 63 68 109 63 63 109 63 67 110 62 69 110 62 63 110 62 68 111 64 71 111 64 72 111 64 70 112 63 71 112 63 68 112 63 69 113 65 70 113 65 63 113 65 68 114 64 72 114 64 69 114 64 70 115 66 72 115 66 71 115 66 69 116 65 72 116 65 70 116 65 73 117 67 74 118 67 75 119 67 75 120 68 74 121 68 76 122 68 77 123 67 74 118 67 73 117 67 78 124 69 75 124 69 76 124 69 79 125 70 74 125 70 77 125 70 79 126 70 76 126 70 74 126 70 73 127 71 79 127 71 77 127 71 78 128 72 76 128 72 79 128 72 78 129 73 79 129 73 80 129 73 73 130 71 80 130 71 79 130 71 73 131 74 75 132 74 80 133 74 78 134 75 80 134 75 75 134 75 81 135 76 82 136 76 83 137 76 81 135 76 83 137 76 84 138 76 85 139 77 81 140 77 84 141 77 85 139 77 84 141 77 86 142 77 87 143 78 88 144 78 85 143 78 87 143 78 85 143 78 86 143 78 83 145 79 88 146 79 87 147 79 83 145 79 82 148 79 88 146 79 87 149 80 86 149 80 84 149 80 87 150 80 84 150 80 83 150 80 81 151 81 88 152 81 82 153 81 81 151 81 85 154 81 88 152 81 89 155 82 90 155 82 91 155 82 89 156 83 92 156 83 90 156 83 93 157 84 90 157 84 92 157 84 89 158 85 91 158 85 92 158 85 94 159 86 91 159 86 90 159 86 93 160 84 94 160 84 90 160 84 91 161 87 95 161 87 93 161 87 94 162 86 95 162 86 91 162 86 91 163 87 93 163 87 92 163 87 96 164 88 97 164 88 98 165 88 99 166 89 98 166 89 97 166 89 99 167 90 97 167 90 100 167 90 96 164 88 101 168 88 97 164 88 101 169 91 102 169 91 100 169 91 101 170 91 100 170 91 97 170 91 100 171 92 96 171 92 98 171 92 99 172 93 100 172 93 98 172 93 103 173 94 102 173 94 101 173 94 100 174 92 102 174 92 96 174 92 104 175 95 103 175 95 101 175 95 103 176 94 105 176 94 102 176 94 102 177 96 104 177 96 96 177 96 104 178 95 101 178 95 96 178 95 104 179 66 105 179 66 103 179 66 102 180 96 105 180 96 104 180 96 106 181 97 107 181 97 108 181 97 109 182 98 110 182 98 108 182 98 111 183 99 106 184 99 108 184 99 111 183 99 108 184 99 110 184 99 112 185 100 111 186 100 110 185 100 110 187 101 109 187 101 113 187 101 110 188 102 114 188 102 112 188 102 112 185 100 115 189 100 111 186 100 111 190 103 116 190 103 106 190 103 114 191 104 110 191 104 113 191 104 109 192 105 116 192 105 117 192 105 109 192 105 117 192 105 113 192 105 114 193 106 118 193 106 115 193 106 114 193 106 115 193 106 112 193 106 113 194 107 118 194 107 114 195 107 116 196 108 111 196 108 117 196 108 118 197 109 111 197 109 115 197 109 113 194 107 117 194 107 118 194 107 107 198 110 106 198 110 116 198 110 111 199 111 118 199 111 117 199 111 109 200 112 107 200 112 116 200 112 107 201 113 109 201 113 108 201 113 119 202 114 120 203 114 121 203 114 122 204 115 123 204 115 121 204 115 123 205 116 124 205 116 121 205 116 119 202 114 125 206 114 120 203 114 126 207 117 125 207 117 119 207 117 122 208 118 120 208 118 123 208 118 123 209 119 127 209 119 124 209 119 126 207 117 128 207 117 125 207 117 127 210 120 126 210 120 124 211 120 120 212 121 127 212 121 123 212 121 120 213 122 125 213 122 128 213 122 127 210 120 128 211 120 126 210 120 120 214 122 128 214 122 127 214 122 124 215 123 119 215 123 121 215 123 122 216 124 121 216 124 120 216 124 124 217 123 126 217 123 119 217 123</p>
        </polylist>
      </mesh>
    </geometry>
  </library_geometries>
  <library_controllers>
    <controller id="cfpolyController">
      <skin source="#cfpoly-lib">
        <bind_shape_matrix>1.000000 0.000000 -0.000000 -0.000000 -0.000000 1.000000 0.000000 0.000000 0.000000 0.000000 1.000000 -0.000000 0.000000 0.000000 0.000000 1.000000
</bind_shape_matrix>
        <source id="cfpolyController-Joints">
          <Name_array id="cfpolyController-Joints-array" count="39">
 mixamorig_RightLeg mixamorig_RightFoot mixamorig_RightToeBase
mixamorig_RightUpLeg mixamorig_LeftUpLeg mixamorig_Hips mixamorig_LeftToeBase
mixamorig_LeftLeg mixamorig_LeftFoot mixamorig_RightHandIndex2 mixamorig_RightHandIndex3
mixamorig_RightHandMiddle1 mixamorig_RightHand mixamorig_RightForeArm mixamorig_RightHandThumb1
mixamorig_RightHandThumb2 mixamorig_RightHandThumb3 mixamorig_RightHandIndex1
mixamorig_RightHandMiddle2 mixamorig_RightArm mixamorig_Spine2 mixamorig_RightShoulder
mixamorig_Spine1 mixamorig_LeftShoulder mixamorig_Neck mixamorig_Head
mixamorig_LeftHandThumb2 mixamorig_LeftHandThumb3 mixamorig_LeftHandIndex1 mixamorig_LeftForeArm
mixamorig_LeftHand mixamorig_LeftHandMiddle2 mixamorig_LeftHandMiddle3
mixamorig_LeftHandIndex2 mixamorig_LeftHandIndex3 mixamorig_LeftArm mixamorig_LeftHandMiddle1
mixamorig_LeftHandThumb1 mixamorig_Spine</Name_array>
          <technique_common>
            <accessor source="#cfpolyController-Joints-array" count="39">
              <param type="name"/>
            </accessor>
          </technique_common>
        </source>
        <source id="cfpolyController-Matrices">
          <float_array id="cfpolyController-Matrices-array" count="624">

-0.996821 0.079663 -0.000926 -0.073315 -0.079655 -0.996802 -0.006363 0.231530 -0.001430 -0.006269 0.999979 0.022968 0.000000 0.000000 0.000000 1.000000
-0.995692 0.079867 -0.047095 -0.074297 -0.086754 -0.623275 0.777176 0.042294 0.032718 0.777914 0.627519 -0.021688 0.000000 0.000000 0.000000 1.000000
-0.994331 0.102309 -0.028945 -0.074893 -0.029184 -0.000834 0.999574 -0.041126 0.102242 0.994752 0.003815 0.007961 0.000000 0.000000 0.000000 1.000000
-0.973530 0.228543 -0.002657 -0.107331 -0.228558 -0.973464 0.011317 0.400673 0.000000 0.011624 0.999932 0.018808 0.000000 0.000000 0.000000 1.000000
-0.973536 -0.228490 -0.004422 0.109057 0.228533 -0.973354 -0.018836 0.399562 0.000000 -0.019348 0.999813 0.026769 0.000000 0.000000 0.000000 1.000000
1.000000 0.000000 0.000000 -0.000972 -0.000000 1.000000 0.000000 -0.430661 0.000000 -0.000000 1.000000 0.022088 0.000000 0.000000 0.000000 1.000000
-0.994369 -0.101965 0.028856 0.076813 0.029004 0.000030 0.999579 -0.041616 -0.101923 0.994788 0.002927 0.008115 0.000000 0.000000 0.000000 1.000000
-0.996822 -0.079650 -0.001541 0.075196 0.079655 -0.996816 -0.003609 0.231435 -0.001249 -0.003721 0.999992 0.023144 0.000000 0.000000 0.000000 1.000000
-0.995724 -0.079736 0.046653 0.076224 0.086165 -0.619463 0.780283 0.042138 -0.033317 0.780966 0.623684 -0.021748 0.000000 0.000000 0.000000 1.000000
-0.478751 0.877116 0.038278 -0.325830 -0.562219 -0.339776 0.753965 0.032256 0.674320 0.339441 0.655799 0.017437 0.000000 0.000000 0.000000 1.000000
-0.478751 0.877116 0.038278 -0.320868 0.206377 0.154809 -0.966148 -0.027559 -0.853350 -0.454645 -0.255131 -0.005862 0.000000 0.000000 0.000000 1.000000
-0.664020 -0.740701 0.102170 0.141581 0.742707 -0.669174 -0.024333 0.312435 0.086393 0.059724 0.994469 0.018367 0.000000 0.000000 0.000000 1.000000
-0.992132 0.012223 0.124597 -0.139184 -0.009025 -0.999616 0.026202 0.334317 0.124870 0.024871 0.991861 0.034112 0.000000 0.000000 0.000000 1.000000
0.014952 0.041575 0.999023 0.013381 -0.215088 -0.975611 0.043820 0.404110 0.976480 -0.215534 -0.005645 0.208125 0.000000 0.000000 0.000000 1.000000
-0.589135 0.806231 0.053952 -0.343573 -0.633828 -0.419677 -0.649718 0.023016 -0.501181 -0.416968 0.758258 0.089019 0.000000 0.000000 0.000000 1.000000
-0.589135 0.806231 0.053952 -0.337757 -0.468410 -0.286348 -0.835821 -0.012681 -0.658416 -0.517683 0.546345 0.089024 0.000000 0.000000 0.000000 1.000000
-0.589135 0.806231 0.053952 -0.341974 -0.443825 -0.267074 -0.855389 -0.026886 -0.675232 -0.527885 0.515168 0.088093 0.000000 0.000000 0.000000 1.000000
-0.478751 0.877116 0.038278 -0.321011 -0.864680 -0.478618 0.152493 0.022076 0.152074 0.039908 0.987563 0.034139 0.000000 0.000000 0.000000 1.000000
-0.664020 -0.740701 0.102170 0.138525 0.532783 -0.564581 -0.630389 0.217272 0.524613 -0.364157 0.769526 0.192561 0.000000 0.000000 0.000000 1.000000
0.003165 -0.014518 0.999890 0.036634 -0.205791 -0.978502 -0.013556 0.539929 0.978591 -0.205726 -0.006085 0.204056 0.000000 0.000000 0.000000 1.000000
1.000000 -0.000000 0.000000 -0.000972 -0.000000 0.999121 -0.041912 -0.534239 -0.000000 0.041912 0.999121 0.004019 0.000000 0.000000 0.000000 1.000000
-0.001005 0.042196 0.999109 0.003868 -0.997308 -0.073303 0.002093 0.013375 0.073326 -0.996417 0.042156 0.576474 0.000000 0.000000 0.000000 1.000000
1.000000 -0.000000 0.000000 -0.000972 -0.000000 0.999121 -0.041912 -0.494989 -0.000000 0.041912 0.999121 0.004019 0.000000 0.000000 0.000000 1.000000
-0.005197 -0.042193 -0.999096 -0.003863 0.997308 -0.073301 -0.002092 0.011316 -0.073147 -0.996417 0.042461 0.576625 0.000000 0.000000 0.000000 1.000000
1.000000 0.000000 0.000000 -0.000972 -0.000000 1.000000 0.000000 -0.577719 0.000000 -0.000000 1.000000 0.028257 0.000000 0.000000 0.000000 1.000000
1.000000 0.000000 0.000000 -0.000972 -0.000000 1.000000 0.000000 -0.589224 0.000000 -0.000000 1.000000 0.027571 0.000000 0.000000 0.000000 1.000000
-0.320343 -0.930102 0.179694 0.352203 0.746311 -0.130964 0.652586 -0.064146 -0.583438 0.343159 0.736099 -0.007275 0.000000 0.000000 0.000000 1.000000
-0.320343 -0.930102 0.179694 0.353875 0.596334 -0.050609 0.801140 -0.072574 -0.736048 0.363797 0.570864 0.009249 0.000000 0.000000 0.000000 1.000000
-0.982393 0.182744 0.038846 0.087430 -0.179872 -0.981355 0.067741 0.340161 0.050501 0.059561 0.996946 -0.001192 0.000000 0.000000 0.000000 1.000000
0.000359 -0.002374 -0.999997 -0.028403 0.215296 -0.976546 0.002396 0.402838 -0.976549 -0.215296 0.000160 0.210101 0.000000 0.000000 0.000000 1.000000
-0.995800 -0.046993 0.078569 0.158718 0.059268 -0.985004 0.162031 0.326367 0.069776 0.166007 0.983653 -0.036806 0.000000 0.000000 0.000000 1.000000
0.207527 0.962067 -0.177085 -0.324648 -0.759602 0.044418 -0.648869 0.062786 -0.616390 0.269173 0.740006 0.010266 0.000000 0.000000 0.000000 1.000000
0.207527 0.962067 -0.177085 -0.324721 0.255996 0.121307 0.959036 -0.043123 0.944139 -0.244359 -0.221111 -0.043721 0.000000 0.000000 0.000000 1.000000
-0.982393 0.182744 0.038846 0.088088 -0.165164 -0.946687 0.276596 0.308759 0.087321 0.265310 0.960201 -0.067877 0.000000 0.000000 0.000000 1.000000
-0.982393 0.182744 0.038846 0.087675 -0.133649 -0.832695 0.537361 0.260640 0.130546 0.522708 0.842457 -0.147796 0.000000 0.000000 0.000000 1.000000
-0.001591 0.006899 -0.999975 -0.032238 0.205807 -0.978567 -0.007079 0.539744 -0.978591 -0.205813 0.000137 0.206183 0.000000 0.000000 0.000000 1.000000
0.207527 0.962067 -0.177085 -0.324650 -0.976576 0.193233 -0.094663 0.074519 -0.056853 0.192582 0.979632 -0.028328 0.000000 0.000000 0.000000 1.000000
-0.320343 -0.930102 0.179694 0.356610 0.836393 -0.188640 0.514648 -0.052151 -0.444778 0.315158 0.838360 -0.018318 0.000000 0.000000 0.000000 1.000000
1.000000 -0.000000 0.000000 -0.000972 -0.000000 0.999121 -0.041912 -0.460646 -0.000000 0.041912 0.999121 0.004019 0.000000 0.000000 0.000000 1.000000</float_array>
          <technique_common>
            <accessor source="#cfpolyController-Matrices-array" count="39" stride="16">
              <param type="float4x4"/>
            </accessor>
          </technique_common>
        </source>
        <source id="cfpolyController-Weights">
          <float_array id="cfpolyController-Weights-array" count="344">

1.000000 0.107383 0.892380 0.000236 0.097855 0.889402 0.012744 0.137899 0.861379 0.000722 0.047144 0.952856 0.000000 0.591303 0.408697 0.524121
0.475879 1.000000 1.000000 0.960640 0.039360 0.140342 0.848937 0.010722 0.957985 0.042015 0.913284 0.086716 0.104472 0.892310 0.003218 0.997230
0.002770 0.072290 0.918031 0.009679 0.072840 0.923639 0.003521 0.997770 0.000022 0.002208 0.000045 0.999955 0.999997 0.000003 0.995117 0.000020
0.004863 0.002527 0.992167 0.005306 0.967113 0.008224 0.024663 0.990037 0.009963 0.998730 0.001270 0.039881 0.059119 0.901000 0.003342 0.066925
0.929733 0.003180 0.093937 0.902883 0.007883 0.014361 0.977755 0.508435 0.491565 0.509981 0.490019 1.000000 1.000000 0.018544 0.038620 0.942836
0.087151 0.912849 0.151490 0.848510 0.065396 0.934604 0.025223 0.080182 0.894594 0.003704 0.996296 0.019673 0.055981 0.924346 0.010809 0.027729
0.961461 0.000514 0.999358 0.000129 1.000000 1.000000 1.000000 1.000000 0.019785 0.980215 1.000000 1.000000 1.000000 0.000000 0.135924 0.634576
0.229501 0.616787 0.383213 0.664227 0.335773 0.935652 0.064348 0.000000 1.000000 1.000000 0.000000 0.000000 1.000000 0.000006 0.890335 0.109659
0.000000 0.265106 0.734894 0.000001 0.970068 0.029931 0.000000 0.952378 0.047622 0.272198 0.649255 0.078548 0.031363 0.626375 0.300173 0.042089
0.066153 0.334109 0.004268 0.404436 0.190882 0.000153 0.988668 0.001438 0.009894 0.056546 0.014927 0.814432 0.114095 0.938974 0.000693 0.060333
0.161547 0.000007 0.838446 0.199427 0.000607 0.661279 0.138687 0.832072 0.007848 0.144606 0.015474 0.814559 0.002082 0.157146 0.026213 0.000000
0.776912 0.223088 0.000000 0.805758 0.194242 0.000000 0.698101 0.301899 0.947094 0.052906 0.902104 0.097896 0.937354 0.062646 0.029953 0.970047
1.000000 0.010429 0.989571 0.020553 0.979447 0.027965 0.972035 0.026325 0.973675 0.023229 0.084621 0.892149 0.000000 1.000000 1.000000 0.050816
0.949184 0.000000 1.000000 1.000000 0.996574 0.003426 0.000283 0.000971 0.506830 0.000000 0.491915 0.984150 0.000000 0.015850 0.987656 0.000000
0.012344 0.946947 0.000000 0.053053 0.036271 0.007995 0.406405 0.549328 0.091639 0.762450 0.126552 0.019359 0.065385 0.504886 0.007316 0.253370
0.169043 0.063815 0.035469 0.385618 0.000433 0.514665 0.146973 0.068800 0.732897 0.051330 0.059736 0.097527 0.768434 0.074303 0.004999 0.799882
0.195119 0.000709 0.070538 0.928753 0.084788 0.390892 0.000924 0.523396 0.005099 0.020069 0.001665 0.973166 0.903360 0.000000 0.096640 0.865354
0.000000 0.134646 0.917847 0.000000 0.082153 0.051214 0.303099 0.645687 0.094154 0.767003 0.138843 0.062499 0.337047 0.600454 0.094894 0.255698
0.649408 0.022405 0.105147 0.872447 0.125597 0.775166 0.099237 0.164953 0.021034 0.727109 0.086904 0.217075 0.587204 0.195722 0.615390 0.105708
0.278901 0.214742 0.044171 0.695115 0.045972 0.097337 0.242554 0.660109 0.236433 0.572868 0.190699 0.762619 0.162682 0.074699 0.270241 0.000000
0.729759 0.796369 0.203631 0.705817 0.003213 0.290970 0.006870 0.953167 0.039963 0.001159 0.966771 0.032070 0.665873 0.001575 0.332552 0.428503
0.571497 0.128452 0.871548 0.000000 0.753824 0.246176 0.287125 0.712875</float_array>
          <technique_common>
            <accessor source="#cfpolyController-Weights-array" count="344">
              <param type="float"/>
            </accessor>
          </technique_common>
        </source>
        <joints>
          <input semantic="JOINT" source="#cfpolyController-Joints"/>
          <input semantic="INV_BIND_MATRIX" source="#cfpolyController-Matrices"/>
        </joints>
        <vertex_weights count="129">
          <input semantic="JOINT" offset="0" source="#cfpolyController-Joints"/>
          <input semantic="WEIGHT" offset="1" source="#cfpolyController-Weights"/>
          <vcount>3 3 3 3 2 2 1 1 2 3 2 2 3 2 3 3 3 2 2 3 3 3 2 2 3 3 3 3 2 2 1 1 3 2 2 2 3 2 3 3 3 1 1 1 1 2 1 1 2 3 2 2 2 2 1 3 3 3 3 3 3 4 6 3 4 3 3 4 4 4 3 3 3 2 2 2 2 1 2 2 2 2 4 1 1 3 1 1 2 5 3 3 3 4 4 5 5 4 4 3 3 4 4 3 3 3 3 3 3 3 3 3 4 3 3 4 3 3 3 3 2 3 3 3 3 2 2 3 2</vcount>
          <v>0 1 1 2 2 3 0 4 1 5 2 6 0 7 1 8 2 9 0 10 1 11 2 12 1 13 2 14 1 15 2 16 2 17 2 18 0 19 3 20 0 21 1 22 2 23 0 24 3 25 0 26 3 27 0 28 1 29 2 30 0 31 3 32 0 33 1 34 2 35 0 36 1 37 2 38 3 39 4 40 5 41 0 42 3 43 3 44 4 45 3 46 4 47 5 48 3 49 4 50 5 51 3 52 4 53 5 54 0 55 3 56 3 57 4 58 6 59 7 60 8 61 6 62 7 63 8 64 6 65 7 66 8 67 6 68 7 69 8 70 6 71 8 72 6 73 8 74 6 75 6 76 6 77 7 78 8 79 4 80 7 81 4 82 7 83 4 84 7 85 6 86 7 87 8 88 4 89 7 90 6 91 7 92 8 93 6 94 7 95 8 96 3 97 4 98 5 99 4 100 4 101 4 102 4 103 4 104 7 105 4 106 4 107 9 108 10 109 9 110 11 111 12 112 11 113 12 114 12 115 13 116 12 117 14 118 15 119 16 120 16 121 12 122 17 123 18 124 12 125 13 126 19 127 12 128 13 129 19 130 12 131 13 132 19 133 12 134 13 135 19 136 11 137 12 138 13 139 12 140 14 141 15 142 16 143 9 144 12 145 14 146 15 147 16 148 17 149 19 150 20 151 21 152 19 153 20 154 21 155 22 156 19 157 20 158 21 159 19 160 20 161 21 162 19 163 20 164 21 165 22 166 19 167 20 168 21 169 22 170 19 171 20 172 21 173 22 174 12 175 13 176 19 177 12 178 13 179 19 180 12 181 13 182 19 183 20 184 23 185 20 186 21 187 20 188 22 189 24 190 25 191 20 192 24 193 25 194 24 195 25 196 24 197 25 198 26 199 27 200 28 201 29 202 30 203 31 204 31 205 32 206 28 207 33 208 34 209 34 210 33 211 28 212 33 213 20 214 23 215 29 216 30 217 35 218 29 219 30 220 35 221 29 222 30 223 35 224 29 225 30 226 35 227 28 228 29 229 30 230 31 231 29 232 30 233 31 234 36 235 26 236 27 237 28 238 30 239 37 240 20 241 22 242 23 243 29 244 35 245 20 246 22 247 23 248 35 249 20 250 22 251 23 252 35 253 20 254 23 255 35 256 20 257 23 258 35 259 20 260 23 261 29 262 35 263 20 264 23 265 29 266 35 267 29 268 30 269 35 270 29 271 30 272 35 273 29 274 30 275 35 276 5 277 22 278 38 279 4 280 5 281 38 282 5 283 22 284 38 285 5 286 22 287 38 288 20 289 21 290 22 291 20 292 22 293 23 294 19 295 20 296 21 297 22 298 20 299 22 300 38 301 20 302 21 303 22 304 20 305 22 306 23 307 35 308 5 309 22 310 38 311 20 312 22 313 38 314 20 315 22 316 23 317 3 318 4 319 5 320 4 321 5 322 3 323 4 324 5 325 3 326 4 327 5 328 3 329 4 330 5 331 3 332 4 333 5 334 4 335 5 336 3 337 5 338 3 339 4 340 5 341 4 342 5 343</v>
        </vertex_weights>
      </skin>
    </controller>
  </library_controllers>
  <library_animations>
    <animation id="mixamorig_Hips-anim" name="mixamorig_Hips">
      <source id="mixamorig_Hips-Matrix-animation-input">
        <float_array id="mixamorig_Hips-Matrix-animation-input-array" count="2">

0.000000 0.033333</float_array>
        <technique_common>
          <accessor source="#mixamorig_Hips-Matrix-animation-input-array" count="2">
            <param name="TIME" type="float"/>
          </accessor>
        </technique_common>
      </source>
      <source id="mixamorig_Hips-Matrix-animation-output-transform">
        <float_array id="mixamorig_Hips-Matrix-animation-output-transform-array" count="32">

0.763201 -0.170285 -0.623319 0.005649 -0.243308 0.817917 -0.521357 0.336905 0.598603 0.549559 0.582803 0.019818 0.000000 0.000000 0.000000 1.000000
0.763201 -0.170285 -0.623319 0.005649 -0.243308 0.817917 -0.521357 0.336905 0.598603 0.549559 0.582803 0.019818 0.000000 0.000000 0.000000 1.000000</float_array>
        <technique_common>
          <accessor source="#mixamorig_Hips-Matrix-animation-output-transform-array" count="2" stride="16">
            <param type="float4x4"/>
          </accessor>
        </technique_common>
      </source>
      <source id="mixamorig_Hips-Interpolations">
        <Name_array id="mixamorig_Hips-Interpolations-array" count="2">
 LINEAR LINEAR</Name_array>
        <technique_common>
          <accessor source="#mixamorig_Hips-Interpolations-array" count="2">
            <param type="name"/>
          </accessor>
        </technique_common>
      </source>
      <sampler id="mixamorig_Hips-Matrix-animation-transform">
        <input semantic="INPUT" source="#mixamorig_Hips-Matrix-animation-input"/>
        <input semantic="OUTPUT" source="#mixamorig_Hips-Matrix-animation-output-transform"/>
        <input semantic="INTERPOLATION" source="#mixamorig_Hips-Interpolations"/>
      </sampler>
      <channel source="#mixamorig_Hips-Matrix-animation-transform" target="mixamorig_Hips/matrix"/>
    </animation>
    <animation id="mixamorig_Spine-anim" name="mixamorig_Spine">
      <source id="mixamorig_Spine-Matrix-animation-input">
        <float_array id="mixamorig_Spine-Matrix-animation-input-array" count="2">

0.000000 0.033333</float_array>
        <technique_common>
          <accessor source="#mixamorig_Spine-Matrix-animation-input-array" count="2">
            <param name="TIME" type="float"/>
          </accessor>
        </technique_common>
      </source>
      <source id="mixamorig_Spine-Matrix-animation-output-transform">
        <float_array id="mixamorig_Spine-Matrix-animation-output-transform-array" count="32">

0.981483 0.164188 0.098658 0.000000 -0.148216 0.977232 -0.151818 0.029412 -0.121339 0.134384 0.983472 -0.001234 0.000000 0.000000 0.000000 1.000000
0.981483 0.164188 0.098658 0.000000 -0.148216 0.977232 -0.151818 0.029412 -0.121339 0.134384 0.983472 -0.001234 0.000000 0.000000 0.000000 1.000000</float_array>
        <technique_common>
          <accessor source="#mixamorig_Spine-Matrix-animation-output-transform-array" count="2" stride="16">
            <param type="float4x4"/>
          </accessor>
        </technique_common>
      </source>
      <source id="mixamorig_Spine-Interpolations">
        <Name_array id="mixamorig_Spine-Interpolations-array" count="2">
 LINEAR LINEAR</Name_array>
        <technique_common>
          <accessor source="#mixamorig_Spine-Interpolations-array" count="2">
            <param type="name"/>
          </accessor>
        </technique_common>
      </source>
      <sampler id="mixamorig_Spine-Matrix-animation-transform">
        <input semantic="INPUT" source="#mixamorig_Spine-Matrix-animation-input"/>
        <input semantic="OUTPUT" source="#mixamorig_Spine-Matrix-animation-output-transform"/>
        <input semantic="INTERPOLATION" source="#mixamorig_Spine-Interpolations"/>
      </sampler>
      <channel source="#mixamorig_Spine-Matrix-animation-transform" target="mixamorig_Spine/matrix"/>
    </animation>
    <animation id="mixamorig_Spine1-anim" name="mixamorig_Spine1">
      <source id="mixamorig_Spine1-Matrix-animation-input">
        <float_array id="mixamorig_Spine1-Matrix-animation-input-array" count="2">

0.000000 0.033333</float_array>
        <technique_common>
          <accessor source="#mixamorig_Spine1-Matrix-animation-input-array" count="2">
            <param name="TIME" type="float"/>
          </accessor>
        </technique_common>
      </source>
      <source id="mixamorig_Spine1-Matrix-animation-output-transform">
        <float_array id="mixamorig_Spine1-Matrix-animation-output-transform-array" count="32">

0.992182 0.073010 0.101219 0.000000 -0.069064 0.996729 -0.041958 0.034344 -0.103952 0.034639 0.993979 0.000000 0.000000 0.000000 0.000000 1.000000
0.992182 0.073010 0.101219 0.000000 -0.069064 0.996729 -0.041958 0.034344 -0.103952 0.034639 0.993979 0.000000 0.000000 0.000000 0.000000 1.000000</float_array>
        <technique_common>
          <accessor source="#mixamorig_Spine1-Matrix-animation-output-transform-array" count="2" stride="16">
            <param type="float4x4"/>
          </accessor>
        </technique_common>
      </source>
      <source id="mixamorig_Spine1-Interpolations">
        <Name_array id="mixamorig_Spine1-Interpolations-array" count="2">
 LINEAR LINEAR</Name_array>
        <technique_common>
          <accessor source="#mixamorig_Spine1-Interpolations-array" count="2">
            <param type="name"/>
