0.000,30,0,33
B0,mixamorig_Hips,-1,0.7013360261917114,0.040647998452186584,0.7116699814796448,0,-0.09884899854660034,0.9942730069160461,0.04062400013208389,0,-0.7059429883956909,-0.09883800148963928,0.701337993144989,0,-0.2336989939212799,0.4051559865474701,0.22127200663089752,1
B1,mixamorig_Spine,0,0.9818480014801025,-0.04881099984049797,-0.18327899277210236,0,0.08419899642467499,0.978052020072937,0.19058899581432343,0,0.16995300352573395,-0.20256100594997406,0.9644089937210083,0,0,0.028317999094724655,-0.001142999972216785,1
B2,mixamorig_Spine1,1,0.9654150009155273,0.012089000083506107,-0.26043900847435,0,0.03620300069451332,0.9830309748649597,0.17982900142669678,0,0.2581929862499237,-0.18303799629211426,0.9485949873924255,0,0,0.03306400030851364,0,1
B3,mixamorig_Spine2,2,0.9627879858016968,0.020236000418663025,-0.26949799060821533,0,0.02431200072169304,0.9866639971733093,0.16094200313091278,0,0.2691609859466553,-0.16150499880313873,0.9494569897651672,0,0,0.03778799995779991,0,1
B4,mixamorig_Neck,3,0.9999629855155945,0.008217999711632729,-0.002343999920412898,0,-0.008263000287115574,0.9997680187225342,-0.01986899971961975,0,0.0021800000686198473,0.019888000562787056,0.9998000264167786,0,0,0.042511001229286194,0,1
B5,mixamorig_Head,4,0.9708009958267212,-0.23692600429058075,-0.03756299987435341,0,0.21086899936199188,0.917497992515564,-0.337240993976593,0,0.11436499655246735,0.319472998380661,0.9406690001487732,0,0,0.011487999930977821,0.0007229999755509198,1
B6,mixamorig_HeadTop_End,5,1,0,0,0,0,1,0,0,0,0,1,0,0,0.054951999336481094,0.0034580000210553408,1
B7,mixamorig_LeftShoulder,3,-0.024768000468611717,0.05000799894332886,-0.9984419941902161,0,0.9979239702224731,-0.05815400183200836,-0.027667000889778137,0,-0.05944700166583061,-0.9970539808273315,-0.04846400022506714,0,0.02970699965953827,0.04022099822759628,-0.00013099999341648072,1
B8,mixamorig_LeftArm,7,0.8804799914360046,0.10562700033187866,0.46216699481010437,0,-0.4382709860801697,0.5530470013618469,0.7085599899291992,0,-0.18075700104236603,-0.8264269828796387,0.533240020275116,0,0,0.05949300155043602,0,1
B9,mixamorig_LeftForeArm,8,-0.14452700316905975,-0.12682899832725525,0.9813389778137207,0,-0.9651489853858948,0.236735999584198,-0.11154700070619583,0,-0.21817100048065186,-0.9632599949836731,-0.15662400424480438,0,0,0.13920100033283234,0,1
B10,mixamorig_LeftHand,9,0.7973790168762207,-0.3213750123977661,0.5107889771461487,0,0.3403150141239166,0.9384469985961914,0.05919000133872032,0,-0.4983699917793274,0.12663200497627258,0.857666015625,0,0,0.10313799977302551,0,1
B11,mixamorig_LeftHandIndex1,10,-0.9275509715080261,-0.09914799779653549,0.36030399799346924,0,0.03741300106048584,0.9346780180931091,0.353520005941391,0,-0.37181898951530457,0.3413879871368408,-0.8632519841194153,0,0,0.0555570013821125,0,1
B12,mixamorig_LeftHandIndex2,11,0.9983329772949219,-0.05594699829816818,0.014158999547362328,0,0.05594699829816818,0.8780440092086792,-0.47529900074005127,0,0.014158999547362328,0.47529900074005127,0.8797109723091125,0,0,0.00011999999696854502,0,1
B13,mixamorig_LeftHandIndex3,12,0.9983230233192444,-0.05611399933695793,0.01425000000745058,0,0.05611399933695793,0.8772670030593872,-0.4767110049724579,0,0.014248999767005444,0.4767110049724579,0.8789439797401428,0,0,0.00018000000272877514,0,1
B14,mixamorig_LeftHandIndex4,13,1,0,0,0,0,1,0,0,0,0,1,0,0,0.00018000000272877514,0,1
B15,mixamorig_RightShoulder,3,0.23698799312114716,-0.2154420018196106,0.9473230242729187,0,-0.9511550068855286,0.14711900055408478,0.27140501141548157,0,-0.19784100353717804,-0.9653710126876831,-0.17005300521850586,0,-0.02970699965953827,0.04021700099110603,-0.00005400000009103678,1
B16,mixamorig_RightArm,15,0.5674329996109009,-0.7860100269317627,0.24537299573421478,0,0.5964530110359192,0.5977950096130371,0.5356159806251526,0,-0.5676820278167725,-0.15757299959659576,0.8080270290374756,0,0,0.05949300155043602,0,1
B17,mixamorig_RightForeArm,16,-0.31615400314331055,-0.790054976940155,-0.5252230167388916,0,0.9230219721794128,-0.12820300459861755,-0.362758994102478,0,0.21926400065422058,-0.5994799733161926,0.7697700262069702,0,0,0.13920700550079346,0,1
B18,mixamorig_RightHand,17,0.8396859765052795,-0.45665401220321655,-0.29392799735069275,0,0.4709030091762543,0.881837010383606,-0.024783000349998474,0,0.27051401138305664,-0.11760199815034866,0.9555060267448425,0,0,0.10314899682998657,0,1
B19,mixamorig_RightHandIndex1,18,-0.9668920040130615,-0.11925099790096283,0.2256080061197281,0,-0.10112299770116806,0.9907659888267517,0.0903099998831749,0,-0.23429399728775024,0.06450600177049637,-0.970022976398468,0,0,0.04397499933838844,0,1
B20,mixamorig_RightHandIndex2,19,0.49652099609375,-0.8081989884376526,-0.3166700005531311,0,0.7083669900894165,0.16642099618911743,0.6859449744224548,0,-0.501679003238678,-0.5649049878120422,0.6551340222358704,0,0,0.006318999920040369,0,1
B21,mixamorig_RightHandIndex3,20,0.029673999175429344,0.7987250089645386,-0.6009640097618103,0,0.7295479774475098,-0.4282990097999573,-0.5332159996032715,0,-0.6832849979400635,-0.42261001467704773,-0.5954179763793945,0,-0.008437000215053558,0.0008670000243000686,-0.008456000126898289,1
B22,mixamorig_RightHandIndex4,21,1,0,0,0,0,1,0,0,0,0,1,0,0.00009899999713525176,0.0000870000003487803,0.000155999994603917,1
B23,mixamorig_LeftUpLeg,0,-0.9964140057563782,-0.08460599929094315,0.00017800000205170363,0,0.02947000041604042,-0.3451020121574402,0.9381030201911926,0,-0.07930699735879898,0.9347440004348755,0.3463580012321472,0,0.03106899932026863,-0.015747999772429466,0.0008009999874047935,1
B24,mixamorig_LeftLeg,23,0.999210000038147,-0.03685000166296959,0.014872999861836433,0,0.02543400041759014,0.30546998977661133,-0.9518619775772095,0,0.030533000826835632,0.9514880180358887,0.30616599321365356,0,0,0.18670399487018585,0,1
B25,mixamorig_LeftFoot,24,0.989130973815918,0.14646799862384796,0.012887000106275082,0,-0.09857899695634842,0.5955860018730164,0.79721999168396,0,0.10909199714660645,-0.789825975894928,0.603551983833313,0,0,0.1868789941072464,0,1
B26,mixamorig_LeftToeBase,25,0.999422013759613,0.008971000090241432,-0.03279700130224228,0,0.013392000459134579,0.7827479839324951,0.6221939921379089,0,0.03125400096178055,-0.6222739815711975,0.7821760177612305,0,0,0.07976700365543365,0,1
B27,mixamorig_LeftToe_End,26,1,0,0,0,0,1,0,0,0,0,1,0,0,0.0331760011613369,0,1
B28,mixamorig_RightUpLeg,0,-0.9560750126838684,0.024570999667048454,-0.2920919954776764,0,0.0651250034570694,-0.9537690281867981,-0.29340100288391113,0,-0.28579801321029663,-0.29953598976135254,0.9102740287780762,0,-0.03106899932026863,-0.015747999772429466,0.0003760000108741224,1
B29,mixamorig_RightLeg,28,0.9950600266456604,0.04092400148510933,0.09044600278139114,0,0.006515999790281057,0.882191002368927,-0.4708459973335266,0,-0.09905999898910522,0.4691089987754822,0.8775669932365417,0,0,0.18669499456882477,0,1
B30,mixamorig_RightFoot,29,0.9961180090904236,-0.08657199889421463,0.015929000452160835,0,0.07513900101184845,0.9305210113525391,0.35844698548316956,0,-0.04585399851202965,-0.3558579981327057,0.9334139823913574,0,0,0.18685199320316315,0,1
B31,mixamorig_RightToeBase,30,0.997452974319458,0.06155499815940857,-0.03603599965572357,0,-0.022324999794363976,0.7492499947547913,0.6619110107421875,0,0.06774400174617767,-0.6594210267066956,0.7487149834632874,0,0,0.07939399778842926,0,1
B32,mixamorig_RightToe_End,31,1,0,0,0,0,1,0,0,0,0,1,0,0,0.03319299966096878,0,1
@28,0,1,2,3,4,5,7,8,9,10,11,12,13,15,16,17,18,19,20,21,23,24,25,26,28,29,30,31