3.333,30,99,33
B0,mixamorig_Hips,-1,0.4199815094470978,0.2811092734336853,-0.8628979325294495,0,0.29320067167282104,0.8577998876571655,0.42215195298194885,0,0.8588648438453674,-0.4302978217601776,0.27783840894699097,0,0.0009387193131260574,0.3473593294620514,0.001347479410469532,1
B1,mixamorig_Spine,0,0.9827049970626831,-0.1642422378063202,0.0855238288640976,0,0.13813403248786926,0.9577836990356445,0.2521302402019501,0,-0.12332358211278915,-0.2359563261270523,0.9639064073562622,0,0,0.028317999094724655,-0.001142999972216785,1
B2,mixamorig_Spine1,1,0.9972937703132629,-0.07348091900348663,-0.002478222828358412,0,0.07302992045879364,0.9939489364624023,-0.0820489153265953,0,0.0084913345053792,0.08164588361978531,0.9966251850128174,0,0,0.03306400030851364,0,1
B3,mixamorig_Spine2,2,0.9970647692680359,-0.07648997753858566,0.0034324154257774353,0,0.07639198005199432,0.9968147277832031,0.02289205975830555,0,-0.005172638222575188,-0.022563060745596886,0.9997319579124451,0,0,0.03778799995779991,0,1
B4,mixamorig_Neck,3,0.9839195609092712,0.06108785793185234,0.1678403913974762,0,-0.025855449959635735,0.978509783744812,-0.20457224547863007,0,-0.17672982811927795,0.19694282114505768,0.9643544554710388,0,0,0.042511001229286194,0,1
B5,mixamorig_Head,4,0.6391485929489136,0.30691900849342346,0.7051870822906494,0,-0.21978402137756348,0.9515730738639832,-0.21495184302330017,0,-0.7370096445083618,-0.017602870240807533,0.6756526231765747,0,0,0.011487999930977821,0.0007229999755509198,1
B6,mixamorig_HeadTop_End,5,1,0,0,0,0,1,0,0,0,0,1,0,0,0.054951999336481094,0.0034580000210553408,1
B7,mixamorig_LeftShoulder,3,-0.22456111013889313,0.14287325739860535,-0.9639288783073425,0,0.9727110862731934,0.09210521727800369,-0.212955504655838,0,0.05835702270269394,-0.9854455590248108,-0.15965820848941803,0,0.02970699965953827,0.04022099822759628,-0.00013099999341648072,1
B8,mixamorig_LeftArm,7,0.49815571308135986,0.6602848768234253,-0.5620191097259521,0,-0.0017220937879756093,0.648919939994812,0.7608543634414673,0,0.8670856356620789,-0.37805598974227905,0.3244002163410187,0,0,0.05949300155043602,0,1
B9,mixamorig_LeftForeArm,8,0.7715756893157959,0.6361372470855713,0.0004450278647709638,0,-0.6361372470855713,0.7715756893157959,0.0008960278355516493,0,0.00022699999681208283,-0.0009749999735504389,0.9999989867210388,0,0,0.13920100033283234,0,1
B10,mixamorig_LeftHand,9,0.7375586032867432,0.5768604874610901,0.3510546386241913,0,-0.40886518359184265,0.7952245473861694,-0.44771328568458557,0,-0.5374347567558289,0.18668030202388763,0.8223826289176941,0,0,0.10313799977302551,0,1
B11,mixamorig_LeftHandIndex1,10,-0.9532189965248108,-0.16533200442790985,0.2530589997768402,0,-0.18119500577449799,0.9826110005378723,-0.04054899886250496,0,-0.24195496737957,-0.08450499922037125,-0.9666010141372681,0,0,0.0555570013821125,0,1
B12,mixamorig_LeftHandIndex2,11,0.9995409846305847,-0.030031999573111534,0.0038960000965744257,0,0.030031999573111534,0.9664390087127686,-0.2551339566707611,0,0.0038960000965744257,0.2551339566707611,0.9668980240821838,0,0,0.00011999999696854502,0,1
B13,mixamorig_LeftHandIndex3,12,0.9999409914016724,-0.010881000198423862,0.0005039999959990382,0,0.010881000198423862,0.9956589937210083,-0.09244000166654587,0,0.0005039999959990382,0.09244000166654587,0.9957180023193359,0,0,0.00018000000272877514,0,1
B14,mixamorig_LeftHandIndex4,13,1,0,0,0,0,1,0,0,0,0,1,0,0,0.00018000000272877514,0,1
B15,mixamorig_RightShoulder,3,0.22655808925628662,-0.0660397931933403,0.9717559218406677,0,-0.9694878458976746,0.08060983568429947,0.2315078228712082,0,-0.09362103044986725,-0.9945552945137024,-0.045761752873659134,0,-0.02970699965953827,0.04021700099110603,-0.00005400000009103678,1
B16,mixamorig_RightArm,15,0.5512762665748596,0.32930228114128113,-0.7665863633155823,0,0.2609712481498718,0.8046486377716064,0.5333245396614075,0,0.7924574017524719,-0.4940667152404785,0.3576447069644928,0,0,0.05949300155043602,0,1
B17,mixamorig_RightForeArm,16,0.6867974996566772,-0.7268473505973816,0.001617999980226159,0,0.7268483638763428,0.6867914795875549,-0.002990027889609337,0,0.0010620278771966696,0.003229999914765358,0.9999939799308777,0,0,0.13920700550079346,0,1
B18,mixamorig_RightHand,17,0.8195955753326416,-0.09750577062368393,0.5645843744277954,0,0.48286670446395874,0.6479521989822388,-0.5890652537345886,0,-0.30838632583618164,0.7554146647453308,0.5781411528587341,0,0,0.10314899682998657,0,1
B19,mixamorig_RightHandIndex1,18,-0.9732180237770081,-0.0043190279975533485,0.22984200716018677,0,-0.031074028462171555,0.9931190013885498,-0.11291397362947464,0,-0.22777299582958221,-0.1170319989323616,-0.9666560292243958,0,0,0.04397499933838844,0,1
B20,mixamorig_RightHandIndex2,19,0.5186480283737183,-0.7628840208053589,-0.3860209882259369,0,0.7042610049247742,0.12519000470638275,0.6988170146942139,0,-0.48478999733924866,-0.6342989802360535,0.6021990180015564,0,0,0.006318999920040369,0,1
B21,mixamorig_RightHandIndex3,20,-0.0807339996099472,0.9008970260620117,-0.4264580011367798,0,0.3604929745197296,-0.3724989891052246,-0.8551549911499023,0,-0.9292619824409485,-0.22277499735355377,-0.2946929931640625,0,-0.008437000215053558,0.0008670000243000686,-0.008456000126898289,1
B22,mixamorig_RightHandIndex4,21,1,0,0,0,0,1,0,0,0,0,1,0,0.00009899999713525176,0.0000870000003487803,0.000155999994603917,1
B23,mixamorig_LeftUpLeg,0,-0.9365795850753784,0.31318163871765137,0.1572747528553009,0,0.015206554904580116,-0.4120360016822815,0.9110409617424011,0,0.3501242995262146,0.8556535840034485,0.38114193081855774,0,0.03106899932026863,-0.015747999772429466,0.0008009999874047935,1
B24,mixamorig_LeftLeg,23,0.9943840503692627,0.10264387726783752,0.02576136402785778,0,0.0035118674859404564,0.2112845480442047,-0.9774186015129089,0,-0.10576916486024857,0.9720199704170227,0.20973670482635498,0,0,0.18670399487018585,0,1
B25,mixamorig_LeftFoot,24,0.9120187759399414,-0.24011260271072388,0.3325161933898926,0,-0.2956887483596802,0.17691446840763092,0.9387595057487488,0,-0.2842349112033844,-0.9544874429702759,0.09035081416368484,0,0,0.1868789941072464,0,1
B26,mixamorig_LeftToeBase,25,0.9998400211334229,0.003197361947968602,-0.01757841557264328,0,0.009317442774772644,0.7461704611778259,0.6656890511512756,0,0.015244749374687672,-0.6657470464706421,0.7460214495658875,0,0,0.07976700365543365,0,1
B27,mixamorig_LeftToe_End,26,1,0,0,0,0,1,0,0,0,0,1,0,0,0.0331760011613369,0,1
B28,mixamorig_RightUpLeg,0,-0.697985827922821,0.45155519247055054,-0.555799663066864,0,-0.6852039098739624,-0.19557301700115204,0.7016031742095947,0,0.20811261236667633,0.8705454468727112,0.44591474533081055,0,-0.03106899932026863,-0.015747999772429466,0.0003760000108741224,1
B29,mixamorig_RightLeg,28,0.9919438362121582,-0.02664395421743393,-0.12384561449289322,0,-0.008844969794154167,0.960679292678833,-0.2775198221206665,0,0.12637047469615936,0.2763794958591461,0.9527040719985962,0,0,0.18669499456882477,0,1
B30,mixamorig_RightFoot,29,0.8406102657318115,-0.024916958063840866,-0.5410670042037964,0,0.16494764387607574,0.9632697105407715,0.2119044065475464,0,0.5159136056900024,-0.2673768699169159,0.8138447403907776,0,0,0.18685199320316315,0,1
B31,mixamorig_RightToeBase,30,0.9998350143432617,-0.0035289721563458443,0.017798027023673058,0,-0.009371999651193619,0.739493191242218,0.6730988025665283,0,-0.015537000261247158,-0.6731548309326172,0.7393391728401184,0,0,0.07939399778842926,0,1
B32,mixamorig_RightToe_End,31,1,0,0,0,0,1,0,0,0,0,1,0,0,0.03319299966096878,0,1
@28,0,1,2,3,4,5,7,8,9,10,11,12,13,15,16,17,18,19,20,21,23,24,25,26,28,29,30,31
K0.000,0.4155139923095703,0.289449006319046,-0.8623039722442627,0,0.29795101284980774,0.852400004863739,0.4296970069408417,0,0.8594030141830444,-0.43546900153160095,0.26794299483299255,0,-0.0015170000260695815,0.34162500500679016,-0.005408000200986862,1,0.9826610088348389,-0.161298006772995,0.09143199771642685,0,0.13303600251674652,0.9568729996681213,0.2582530081272125,0,-0.12914399802684784,-0.2416120022535324,0.9617409706115723,0,0,0.028317999094724655,-0.001142999972216785,1,0.9974200129508972,-0.07172899693250656,-0.002698000054806471,0,0.07131800055503845,0.9945619702339172,-0.07589200139045715,0,0.00812700018286705,0.07550299912691116,0.997111976146698,0,0,0.03306400030851364,0,1,0.9971969723701477,-0.07474499940872192,0.0033340000081807375,0,0.07461699843406677,0.9967889785766602,0.02906399965286255,0,-0.005495000164955854,-0.028734000399708748,0.9995719790458679,0,0,0.03778799995779991,0,1,0.9842150211334229,0.05890800058841705,0.16688700020313263,0,-0.02230899967253208,0.976751983165741,-0.21320900321006775,0,-0.17556700110435486,0.20611999928951263,0.9626479744911194,0,0,0.042511001229286194,0,1,0.6392269730567932,0.31576600670814514,0.7011989951133728,0,-0.21534299850463867,0.9488310217857361,-0.23096899688243866,0,-0.7382519841194153,-0.0033569999504834414,0.6745169758796692,0,0,0.011487999930977821,0.0007229999755509198,1,-0.21616700291633606,0.14617200195789337,-0.9653530120849609,0,0.975121021270752,0.08203999698162079,-0.20593200623989105,0,0.0490959994494915,-0.9858520030975342,-0.16027000546455383,0,0.02970699965953827,0.04022099822759628,-0.00013099999341648072,1,0.5047469735145569,0.6582069993019104,-0.5585640072822571,0,-0.013571999967098236,0.6530050039291382,0.7572320103645325,0,0.863161027431488,-0.37463000416755676,0.33853501081466675,0,0,0.05949300155043602,0,1,0.7699790000915527,0.6380689740180969,0.000446999998530373,0,-0.6380689740180969,0.7699790000915527,0.0008989999769255519,0,0.00022899999748915434,-0.000977999996393919,0.9999989867210388,0,0,0.13920100033283234,0,1,0.7326340079307556,0.5807999968528748,0.35484999418258667,0,-0.40809598565101624,0.7921029925346375,-0.45390498638153076,0,-0.5447059869766235,0.187732994556427,0.8173440098762512,0,0,0.10313799977302551,0,1,-0.9532189965248108,-0.16533200442790985,0.2530589997768402,0,-0.18119500577449799,0.9826110005378723,-0.04054899886250496,0,-0.2419549971818924,-0.08450499922037125,-0.9666010141372681,0,0,0.0555570013821125,0,1,0.9995409846305847,-0.030031999573111534,0.003897000104188919,0,0.030031999573111534,0.9664390087127686,-0.2551330029964447,0,0.0038960000965744257,0.2551330029964447,0.9668980240821838,0,0,0.00011999999696854502,0,1,0.9999409914016724,-0.010881000198423862,0.0005039999959990382,0,0.010881000198423862,0.9956589937210083,-0.09244000166654587,0,0.0005039999959990382,0.09243900328874588,0.9957180023193359,0,0,0.00018000000272877514,0,1,0.2315959930419922,-0.06519900262355804,0.9706249833106995,0,-0.9683520197868347,0.07998300343751907,0.2364259958267212,0,-0.09304799884557724,-0.9946619868278503,-0.04461099952459335,0,-0.02970699965953827,0.04021700099110603,-0.00005400000009103678,1,0.5375379920005798,0.317781001329422,-0.7810689806938171,0,0.27094700932502747,0.8120620250701904,0.5168579816818237,0,0.798524022102356,-0.48945900797843933,0.3504120111465454,0,0,0.05949300155043602,0,1,0.6803309917449951,-0.732903003692627,0.001643999945372343,0,0.7329040169715881,0.6803249716758728,-0.003014999907463789,0,0.001091000041924417,0.0032560001127421856,0.9999939799308777,0,0,0.13920700550079346,0,1,0.8223119974136353,-0.09007599949836731,0.5618619918823242,0,0.47949299216270447,0.6413750052452087,-0.5989369750022888,0,-0.30641400814056396,0.7619220018386841,0.5706009864807129,0,0,0.10314899682998657,0,1,-0.9732180237770081,-0.00431999983265996,0.22984200716018677,0,-0.031074000522494316,0.9931190013885498,-0.11291299760341644,0,-0.22777299582958221,-0.11703100055456161,-0.9666560292243958,0,0,0.04397499933838844,0,1,0.5186480283737183,-0.7628840208053589,-0.3860209882259369,0,0.7042610049247742,0.12519000470638275,0.6988170146942139,0,-0.48478999733924866,-0.6342989802360535,0.6021990180015564,0,0,0.006318999920040369,0,1,-0.0807339996099472,0.9008970260620117,-0.4264580011367798,0,0.3604919910430908,-0.3724989891052246,-0.8551549911499023,0,-0.9292619824409485,-0.22277499735355377,-0.2946929931640625,0,-0.008437000215053558,0.0008670000243000686,-0.008456000126898289,1,-0.9278470277786255,0.3434300124645233,0.14545300602912903,0,0.008756999857723713,-0.36982598900794983,0.9290599822998047,0,0.37285900115966797,0.8632990121841431,0.34013399481773376,0,0.03106899932026863,-0.015747999772429466,0.0008009999874047935,1,0.9943320155143738,0.10438299924135208,0.020222000777721405,0,0.002503999974578619,0.16715000569820404,-0.9859279990196228,0,-0.10629499703645706,0.9803900122642517,0.1659409999847412,0,0,0.18670399487018585,0,1,0.9150540232658386,-0.22026899456977844,0.33787301182746887,0,-0.3089829981327057,0.15559999644756317,0.9382529854774475,0,-0.2592410147190094,-0.9629489779472351,0.07432299852371216,0,0,0.1868789941072464,0,1,0.9998289942741394,0.002741999924182892,-0.018306000158190727,0,0.01001300010830164,0.751662015914917,0.6594719886779785,0,0.015568000264465809,-0.659542977809906,0.751505970954895,0,0,0.07976700365543365,0,1,-0.6812149882316589,0.45135900378227234,-0.5763869881629944,0,-0.6991519927978516,-0.16762199997901917,0.6950460076332092,0,0.21709999442100525,0.8764579892158508,0.42975500226020813,0,-0.03106899932026863,-0.015747999772429466,0.0003760000108741224,1,0.9921140074729919,-0.024251999333500862,-0.12296599894762039,0,-0.009031999856233597,0.9647150039672852,-0.2631399929523468,0,0.12500900030136108,0.2621760070323944,0.9568889737129211,0,0,0.18669499456882477,0,1,0.8431479930877686,-0.029947999864816666,-0.5368469953536987,0,0.1526080071926117,0.9707159996032715,0.1855279952287674,0,0.5155699849128723,-0.23835399746894836,0.823028028011322,0,0,0.18685199320316315,0,1,0.9998369812965393,-0.0035830000415444374,0.017709000036120415,0,-0.00928799994289875,0.7388210296630859,0.6738370060920715,0,-0.01549800019711256,-0.6738920211791992,0.7386670112609863,0,0,0.07939399778842926,0,1
K0.033,0.4153900146484375,0.2894209921360016,-0.8623729944229126,0,0.2985199987888336,0.8521569967269897,0.42978399991989136,0,0.8592650294303894,-0.4359639883041382,0.2675800025463104,0,-0.0016750014619901776,0.3415049910545349,-0.005496000871062279,1,0.9826459884643555,-0.16127100586891174,0.09163899719715118,0,0.13298000395298004,0.9569240212440491,0.25809499621391296,0,-0.12931500375270844,-0.24142999947071075,0.9617639780044556,0,0,0.028317999094724655,-0.001142999972216785,1,0.9974200129508972,-0.0717340037226677,-0.0026939997915178537,0,0.071322001516819,0.9945480227470398,-0.07607699930667877,0,0.008136999793350697,0.07568900287151337,0.9970980286598206,0,0,0.03306400030851364,0,1,0.9971969723701477,-0.07474999874830246,0.0033410002943128347,0,0.0746230036020279,0.9967939853668213,0.028877997770905495,0,-0.005489000119268894,-0.028547998517751694,0.999576985836029,0,0,0.03778799995779991,0,1,0.9841899871826172,0.05913100391626358,0.16695399582386017,0,-0.02251400239765644,0.9767450094223022,-0.2132200002670288,0,-0.17567899823188782,0.20609000325202942,0.9626340270042419,0,0,0.042511001229286194,0,1,0.6389380097389221,0.31613901257514954,0.7012940049171448,0,-0.2155739963054657,0.9487069845199585,-0.23126499354839325,0,-0.7384349703788757,-0.003417003434151411,0.6743159890174866,0,0,0.011487999930977821,0.0007229999755509198,1,-0.2159460037946701,0.1461009979248047,-0.965412974357605,0,0.9751589894294739,0.08221100270748138,-0.20568500459194183,0,0.04931600019335747,-0.9858480095863342,-0.1602250039577484,0,0.02970699965953827,0.04022099822759628,-0.00013099999341648072,1,0.5041900277137756,0.6582900285720825,-0.5589699745178223,0,-0.013848002068698406,0.6533399820327759,0.7569379806518555,0,0.8634819984436035,-0.37389999628067017,0.3385240137577057,0,0,0.05949300155043602,0,1,0.7698270082473755,0.6382520198822021,0.00044800000614486635,0,-0.6382529735565186,0.7698270082473755,0.0008989999769255519,0,0.00022900001204106957,-0.000977999996393919,0.9999989867210388,0,0,0.13920100033283234,0,1,0.7327250242233276,0.5806789994239807,0.35486099123954773,0,-0.4078490138053894,0.7921329736709595,-0.4540739953517914,0,-0.5447689890861511,0.1879819929599762,0.8172450065612793,0,0,0.10313799977302551,0,1,-0.9532189965248108,-0.16533200442790985,0.2530589997768402,0,-0.18119500577449799,0.9826110005378723,-0.04054899886250496,0,-0.2419549971818924,-0.08450499922037125,-0.9666010141372681,0,0,0.0555570013821125,0,1,0.9995409846305847,-0.030031999573111534,0.0038960000965744257,0,0.030031999573111534,0.9664390087127686,-0.2551339864730835,0,0.003897000104188919,0.2551339864730835,0.9668980240821838,0,0,0.00011999999696854502,0,1,0.9999409914016724,-0.010881000198423862,0.0005039999959990382,0,0.010881000198423862,0.9956589937210083,-0.09243900328874588,0,0.0005039999959990382,0.09243900328874588,0.9957180023193359,0,0,0.00018000000272877514,0,1,0.23134198784828186,-0.06515700370073318,0.970687985420227,0,-0.9684810042381287,0.07927299290895462,0.2361379861831665,0,-0.09233599156141281,-0.994720995426178,-0.04476400464773178,0,-0.02970699965953827,0.04021700099110603,-0.00005400000009103678,1,0.5378569960594177,0.3175399899482727,-0.7809470295906067,0,0.27114400267601013,0.8119710087776184,0.5168989896774292,0,0.7982419729232788,-0.4897669851779938,0.35062500834465027,0,0,0.05949300155043602,0,1,0.6804980039596558,-0.7327479720115662,0.001643999945372343,0,0.7327489852905273,0.6804919838905334,-0.003014999907463789,0,0.0010900000343099236,0.0032560001127421856,0.9999939799308777,0,0,0.13920700550079346,0,1,0.8203660249710083,-0.08712498843669891,0.5651630163192749,0,0.48108598589897156,0.6394169926643372,-0.5997520089149475,0,-0.3091210126876831,0.7639080286026001,0.5664709806442261,0,0,0.10314899682998657,0,1,-0.9732180237770081,-0.00431900005787611,0.22984200716018677,0,-0.031074000522494316,0.9931190013885498,-0.11291299760341644,0,-0.22777299582958221,-0.1170319989323616,-0.9666560292243958,0,0,0.04397499933838844,0,1,0.5186480283737183,-0.7628840208053589,-0.3860209882259369,0,0.704259991645813,0.12519000470638275,0.6988170146942139,0,-0.48478999733924866,-0.6342989802360535,0.6021990180015564,0,0,0.006318999920040369,0,1,-0.0807339996099472,0.9008970260620117,-0.4264580011367798,0,0.360493004322052,-0.3724989891052246,-0.8551549911499023,0,-0.9292619824409485,-0.22277499735355377,-0.2946929931640625,0,-0.008437000215053558,0.0008670000243000686,-0.008456000126898289,1,-0.9276880025863647,0.3436790108680725,0.14587900042533875,0,0.009589006192982197,-0.3686619997024536,0.9295139908790588,0,0.37323400378227234,0.8636980056762695,0.3387080132961273,0,0.03106899932026863,-0.015747999772429466,0.0008009999874047935,1,0.9943709969520569,0.10402099788188934,0.020135000348091125,0,0.002545000519603491,0.16653400659561157,-0.9860320091247559,0,-0.10592100024223328,0.9805330038070679,0.16533200442790985,0,0,0.18670399487018585,0,1,0.9152680039405823,-0.22128400206565857,0.3366279900074005,0,-0.307543009519577,0.15590600669384003,0.9386749863624573,0,-0.2601960003376007,-0.9626659750938416,0.07464100420475006,0,0,0.1868789941072464,0,1,0.9998310208320618,0.002816000720486045,-0.018187997862696648,0,0.009899999015033245,0.7507699728012085,0.660489022731781,0,0.015514998696744442,-0.660556972026825,0.7506150007247925,0,0,0.07976700365543365,0,1,-0.6811969876289368,0.4509730041027069,-0.576708972454071,0,-0.6990619897842407,-0.16670697927474976,0.6953570246696472,0,0.2174459993839264,0.8768309950828552,0.4288190007209778,0,-0.03106899932026863,-0.015747999772429466,0.0003760000108741224,1,0.9921209812164307,-0.024298999458551407,-0.12290800362825394,0,-0.008984999731183052,0.9646869897842407,-0.26324599981307983,0,0.12496399879455566,0.2622759938240051,0.956866979598999,0,0,0.18669499456882477,0,1,0.8430590033531189,-0.030167002230882645,-0.5369740128517151,0,0.15259799361228943,0.9708110094070435,0.18504099547863007,0,0.5157179832458496,-0.23794199526309967,0.8230540156364441,0,0,0.18685199320316315,0,1,0.9998369812965393,-0.0035830000415444374,0.017707999795675278,0,-0.009286000393331051,0.7388110160827637,0.6738479733467102,0,-0.015496999956667423,-0.6739029884338379,0.7386580109596252,0,0,0.07939399778842926,0,1
K0.067,0.41513100266456604,0.28958800435066223,-0.8624410033226013,0,0.29902100563049316,0.8518850207328796,0.4299750030040741,0,0.8592159748077393,-0.436383992433548,0.26705101132392883,0,-0.001831998466514051,0.3414030075073242,-0.0055769989266991615,1,0.9826269745826721,-0.16126999258995056,0.09185399860143661,0,0.13293400406837463,0.9569460153579712,0.2580380141735077,0,-0.1295129954814911,-0.24134500324726105,0.961758017539978,0,0,0.028317999094724655,-0.001142999972216785,1,0.9974139928817749,-0.07181700319051743,-0.002678000135347247,0,0.07140500098466873,0.9945340156555176,-0.0761760026216507,0,0.00813400000333786,0.0757879987359047,0.9970909953117371,0,0,0.03306400030851364,0,1,0.997189998626709,-0.07483299821615219,0.003362999763339758,0,0.07470600306987762,0.9967899918556213,0.028779001906514168,0,-0.005506000015884638,-0.028447002172470093,0.9995800256729126,0,0,0.03778799995779991,0,1,0.984154999256134,0.05933299660682678,0.16708700358867645,0,-0.022627998143434525,0.9766719937324524,-0.21354299783706665,0,-0.1758590042591095,0.2063789963722229,0.96253901720047,0,0,0.042511001229286194,0,1,0.6382349729537964,0.31678900122642517,0.7016419768333435,0,-0.21610300242900848,0.9484879970550537,-0.23166599869728088,0,-0.7388889789581299,-0.0037689965683966875,0.673816978931427,0,0,0.011487999930977821,0.0007229999755509198,1,-0.21558000147342682,0.14608199894428253,-0.9654979705810547,0,0.9752359986305237,0.08222399652004242,-0.20531399548053741,0,0.04939400032162666,-0.9858499765396118,-0.16019000113010406,0,0.02970699965953827,0.04022099822759628,-0.00013099999341648072,1,0.5033140182495117,0.6583020091056824,-0.5597429871559143,0,-0.01405599806457758,0.6539250016212463,0.7564290165901184,0,0.863988995552063,-0.37285399436950684,0.3383829891681671,0,0,0.05949300155043602,0,1,0.7697020173072815,0.6384029984474182,0.00044800000614486635,0,-0.6384029984474182,0.7697010040283203,0.0008989999769255519,0,0.00022999999055173248,-0.000977999996393919,0.9999989867210388,0,0,0.13920100033283234,0,1,0.7325369715690613,0.5808209776878357,0.3550170063972473,0,-0.40765300393104553,0.79196697473526,-0.45454099774360657,0,-0.5451679825782776,0.18824400007724762,0.8169190287590027,0,0,0.10313799977302551,0,1,-0.9532189965248108,-0.16533200442790985,0.2530589997768402,0,-0.18119500577449799,0.9826110005378723,-0.04054899886250496,0,-0.2419539988040924,-0.08450499922037125,-0.9666010141372681,0,0,0.0555570013821125,0,1,0.9995409846305847,-0.030031999573111534,0.0038960000965744257,0,0.030031999573111534,0.9664390087127686,-0.2551339864730835,0,0.0038960000965744257,0.2551339864730835,0.9668980240821838,0,0,0.00011999999696854502,0,1,0.9999409914016724,-0.010881000198423862,0.0005039999959990382,0,0.010881000198423862,0.9956589937210083,-0.09243900328874588,0,0.0005039999959990382,0.09243900328874588,0.9957180023193359,0,0,0.00018000000272877514,0,1,0.23048101365566254,-0.06523700058460236,0.9708880186080933,0,-0.9687319993972778,0.0788000077009201,0.23526401817798615,0,-0.09185300767421722,-0.9947540163993835,-0.045034997165203094,0,-0.02970699965953827,0.04021700099110603,-0.00005400000009103678,1,0.5380359888076782,0.3175300061702728,-0.7808279991149902,0,0.27208998799324036,0.8113240003585815,0.5174170136451721,0,0.7978000044822693,-0.4908440113067627,0.3501250147819519,0,0,0.05949300155043602,0,1,0.6809049844741821,-0.7323700189590454,0.0016420000465586782,0,0.7323709726333618,0.6808990240097046,-0.0030129998922348022,0,0.0010890000266954303,0.003254000097513199,0.9999939799308777,0,0,0.13920700550079346,0,1,0.8194419741630554,-0.08591601252555847,0.5666859745979309,0,0.4818040132522583,0.6387799978256226,-0.5998539924621582,0,-0.3104499876499176,0.7645779848098755,0.5648379921913147,0,0,0.10314899682998657,0,1,-0.9732180237770081,-0.00431900005787611,0.22984200716018677,0,-0.031074000522494316,0.9931190013885498,-0.11291299760341644,0,-0.22777299582958221,-0.11703100055456161,-0.9666560292243958,0,0,0.04397499933838844,0,1,0.5186470150947571,-0.7628840208053589,-0.3860209882259369,0,0.7042610049247742,0.12518900632858276,0.6988170146942139,0,-0.48478999733924866,-0.6342989802360535,0.6021990180015564,0,0,0.006318999920040369,0,1,-0.0807339996099472,0.9008970260620117,-0.4264580011367798,0,0.3604919910430908,-0.3724989891052246,-0.8551549911499023,0,-0.9292619824409485,-0.22277499735355377,-0.2946929931640625,0,-0.008437000215053558,0.0008670000243000686,-0.008456000126898289,1,-0.92746901512146,0.3441149890422821,0.14623799920082092,0,0.010269993916153908,-0.36752399802207947,0.9299569725990295,0,0.3737579882144928,0.8640090227127075,0.33733299374580383,0,0.03106899932026863,-0.015747999772429466,0.0008009999874047935,1,0.9944019913673401,0.10374099761247635,0.020072000101208687,0,0.0025899994652718306,0.16597700119018555,-0.9861260056495667,0,-0.10563399642705917,0.9806579947471619,0.16477900743484497,0,0,0.18670399487018585,0,1,0.9155449867248535,-0.22186599671840668,0.3354879915714264,0,-0.30618900060653687,0.1564200073480606,0.9390320181846619,0,-0.2608160078525543,-0.9624490141868591,0.07527599483728409,0,0,0.1868789941072464,0,1,0.9998329877853394,0.002891999203711748,-0.018067002296447754,0,0.009785001166164875,0.7498649954795837,0.6615179777145386,0,0.015461000613868237,-0.6615840196609497,0.7497109770774841,0,0,0.07976700365543365,0,1,-0.6810029745101929,0.45073699951171875,-0.5771229863166809,0,-0.6991429924964905,-0.16580700874328613,0.6954910159111023,0,0.21779300272464752,0.8771229982376099,0.42804500460624695,0,-0.03106899932026863,-0.015747999772429466,0.0003760000108741224,1,0.9921190142631531,-0.02432600036263466,-0.12291599810123444,0,-0.008960999548435211,0.9646859765052795,-0.263249009847641,0,0.12497899681329727,0.2622759938240051,0.9568660259246826,0,0,0.18669499456882477,0,1,0.8429830074310303,-0.030414998531341553,-0.5370799899101257,0,0.1526069939136505,0.9709039926528931,0.18454499542713165,0,0.5158399939537048,-0.23752999305725098,0.8230969905853271,0,0,0.18685199320316315,0,1,0.9998369812965393,-0.003585000056773424,0.017704999074339867,0,-0.009283999912440777,0.738789975643158,0.6738719940185547,0,-0.015495999716222286,-0.6739259958267212,0.7386360168457031,0,0,0.07939399778842926,0,1
K0.100,0.414900004863739,0.2898760139942169,-0.8624560236930847,0,0.2993119955062866,0.8516520261764526,0.43023398518562317,0,0.8592270016670227,-0.4366469979286194,0.2665869891643524,0,-0.0019839999731630087,0.3413189947605133,-0.005657999776303768,1,0.9826020002365112,-0.16131600737571716,0.09203500300645828,0,0.1329209953546524,0.9569190144538879,0.25814300775527954,0,-0.1297129988670349,-0.2414180040359497,0.9617130160331726,0,0,0.028317999094724655,-0.001142999972216785,1,0.9974039793014526,-0.07196299731731415,-0.0026920000091195107,0,0.07154999673366547,0.9945290088653564,-0.07610999792814255,0,0.008155000396072865,0.07571999728679657,0.9970960021018982,0,0,0.03306400030851364,0,1,0.9971799850463867,-0.07497800141572952,0.003355999942868948,0,0.07485099881887436,0.9967769980430603,0.028846999630331993,0,-0.005508000031113625,-0.028514999896287918,0.9995779991149902,0,0,0.03778799995779991,0,1,0.9841139912605286,0.059523001313209534,0.16726000607013702,0,-0.022690000012516975,0.9765639901161194,-0.21402999758720398,0,-0.17608000338077545,0.20683500170707703,0.9624009728431702,0,0,0.042511001229286194,0,1,0.637362003326416,0.31742700934410095,0.7021470069885254,0,-0.2166309952735901,0.9482740163803101,-0.2320529967546463,0,-0.7394869923591614,-0.0042050001211464405,0.6731569766998291,0,0,0.011487999930977821,0.0007229999755509198,1,-0.2153729945421219,0.14606399834156036,-0.9655460119247437,0,0.9752789735794067,0.08224999904632568,-0.20510199666023254,0,0.04945800080895424,-0.9858499765396118,-0.16016699373722076,0,0.02970699965953827,0.04022099822759628,-0.00013099999341648072,1,0.5024600028991699,0.6582319736480713,-0.5605930089950562,0,-0.01422400027513504,0.6545889973640442,0.7558509707450867,0,0.8644829988479614,-0.37181100249290466,0.3382680118083954,0,0,0.05949300155043602,0,1,0.7695099711418152,0.638634979724884,0.00044800000614486635,0,-0.638634979724884,0.7695090174674988,0.0008999999845400453,0,0.0002300000051036477,-0.0009790000040084124,0.9999989867210388,0,0,0.13920100033283234,0,1,0.7320539951324463,0.5812569856643677,0.3552980124950409,0,-0.4076330065727234,0.7916139960289001,-0.45517200231552124,0,-0.545831024646759,0.18838000297546387,0.816444993019104,0,0,0.10313799977302551,0,1,-0.9532189965248108,-0.16533200442790985,0.2530589997768402,0,-0.18119500577449799,0.9826110005378723,-0.04054899886250496,0,-0.2419539988040924,-0.08450499922037125,-0.9666010141372681,0,0,0.0555570013821125,0,1,0.9995409846305847,-0.030031999573111534,0.0038960000965744257,0,0.030031999573111534,0.9664390087127686,-0.2551330029964447,0,0.003897000104188919,0.2551330029964447,0.9668980240821838,0,0,0.00011999999696854502,0,1,0.9999409914016724,-0.010881000198423862,0.0005039999959990382,0,0.010881000198423862,0.9956589937210083,-0.09243900328874588,0,0.0005039999959990382,0.09243900328874588,0.9957180023193359,0,0,0.00018000000272877514,0,1,0.22927600145339966,-0.06537800282239914,0.9711629748344421,0,-0.9690589904785156,0.07837799936532974,0.23405499756336212,0,-0.0914200022816658,-0.9947779774665833,-0.04538499936461449,0,-0.02970699965953827,0.04021700099110603,-0.00005400000009103678,1,0.5382580161094666,0.3173930048942566,-0.7807300090789795,0,0.273377001285553,0.8105300068855286,0.517982006072998,0,0.7972099781036377,-0.4922420084476471,0.34950700402259827,0,0,0.05949300155043602,0,1,0.6815620064735413,-0.7317590117454529,0.0016400000313296914,0,0.7317600250244141,0.681555986404419,-0.003011000109836459,0,0.0010849999962374568,0.003252000082284212,0.9999939799308777,0,0,0.13920700550079346,0,1,0.8194109797477722,-0.08610399812459946,0.5667020082473755,0,0.4818829894065857,0.6388649940490723,-0.5997009873390198,0,-0.3104090094566345,0.7644850015640259,0.5649849772453308,0,0,0.10314899682998657,0,1,-0.9732180237770081,-0.00431900005787611,0.22984200716018677,0,-0.031074000522494316,0.9931190013885498,-0.11291299760341644,0,-0.22777299582958221,-0.11703100055456161,-0.9666560292243958,0,0,0.04397499933838844,0,1,0.5186480283737183,-0.7628840208053589,-0.3860209882259369,0,0.704259991645813,0.12519000470638275,0.6988170146942139,0,-0.48478999733924866,-0.6342989802360535,0.6021990180015564,0,0,0.006318999920040369,0,1,-0.0807339996099472,0.9008970260620117,-0.4264580011367798,0,0.3604919910430908,-0.3724989891052246,-0.8551549911499023,0,-0.9292619824409485,-0.22277499735355377,-0.2946929931640625,0,-0.008437000215053558,0.0008670000243000686,-0.008456000126898289,1,-0.9271960258483887,0.34470999240875244,0.14657099545001984,0,0.010778999887406826,-0.366580992937088,0.9303240180015564,0,0.37442201375961304,0.8641719818115234,0.3361760079860687,0,0.03106899932026863,-0.015747999772429466,0.0008009999874047935,1,0.9944270253181458,0.1035119965672493,0.020020000636577606,0,0.002624999964609742,0.1655219942331314,-0.9862030148506165,0,-0.10539700090885162,0.9807590246200562,0.16432799398899078,0,0,0.18670399487018585,0,1,0.9158089756965637,-0.22199800610542297,0.3346790075302124,0,-0.3052250146865845,0.15687499940395355,0.93927001953125,0,-0.2610189914703369,-0.9623439908027649,0.07590799778699875,0,0,0.1868789941072464,0,1,0.9998340010643005,0.002945000072941184,-0.017983000725507736,0,0.009704000316560268,0.7492250204086304,0.662244975566864,0,0.015424000099301338,-0.6623089909553528,0.7490720152854919,0,0,0.07976700365543365,0,1,-0.6807439923286438,0.4505990147590637,-0.5775359869003296,0,-0.6992949843406677,-0.1649949997663498,0.6955310106277466,0,0.21811500191688538,0.8773469924926758,0.4274210035800934,0,-0.03106899932026863,-0.015747999772429466,0.0003760000108741224,1,0.9921159744262695,-0.02432199940085411,-0.1229420006275177,0,-0.008961999788880348,0.9647079706192017,-0.2631700038909912,0,0.12500399351119995,0.26219600439071655,0.9568840265274048,0,0,0.18669499456882477,0,1,0.8429660201072693,-0.030642999336123466,-0.5370929837226868,0,0.15262700617313385,0.9709749817848206,0.18415099382400513,0,0.5158609747886658,-0.23720799386501312,0.8231760263442993,0,0,0.18685199320316315,0,1,0.9998369812965393,-0.0035890000872313976,0.017697999253869057,0,-0.009278000332415104,0.7387419939041138,0.67392498254776,0,-0.01549299992620945,-0.6739789843559265,0.7385879755020142,0,0,0.07939399778842926,0,1
K0.133,0.4149110019207001,0.2900559902191162,-0.8623899817466736,0,0.29937899112701416,0.8515250086784363,0.43043801188468933,0,0.8591979742050171,-0.43677499890327454,0.2664699852466583,0,-0.002118001226335764,0.34123700857162476,-0.0057330005802214146,1,0.9825869798660278,-0.16138499975204468,0.09207800030708313,0,0.1329530030488968,0.9568660259246826,0.25832200050354004,0,-0.12979599833488464,-0.2415820062160492,0.9616609811782837,0,0,0.028317999094724655,-0.001142999972216785,1,0.9973959922790527,-0.07207100093364716,-0.0027590009849518538,0,0.07165399938821793,0.9945330023765564,-0.07596000283956528,0,0.008218000642955303,0.07556399703025818,0.9971070289611816,0,0,0.03306400030851364,0,1,0.9971719980239868,-0.07508400082588196,0.0032959990203380585,0,0.0749569982290268,0.9967650175094604,0.02900100126862526,0,-0.005462999455630779,-0.028672002255916595,0.9995740056037903,0,0,0.03778799995779991,0,1,0.9840869903564453,0.05964900180697441,0.1673779934644699,0,-0.02273399941623211,0.9764959812164307,-0.21433399617671967,0,-0.17622900009155273,0.20711800456047058,0.9623119831085205,0,0,0.042511001229286194,0,1,0.6367490291595459,0.3179279863834381,0.7024760246276855,0,-0.2167530059814453,0.9481059908866882,-0.23262400925159454,0,-0.7399790287017822,-0.004140994045883417,0.6726170182228088,0,0,0.011487999930977821,0.0007229999755509198,1,-0.21535299718379974,0.1460459977388382,-0.9655529856681824,0,0.9752799868583679,0.0822950005531311,-0.2050749957561493,0,0.04950900003314018,-0.9858490228652954,-0.16015900671482086,0,0.02970699965953827,0.04022099822759628,-0.00013099999341648072,1,0.5020920038223267,0.6579579710960388,-0.5612450242042542,0,-0.014205996878445148,0.6551650166511536,0.7553520202636719,0,0.8646979928016663,-0.37128299474716187,0.3382999897003174,0,0,0.05949300155043602,0,1,0.7693930268287659,0.6387749910354614,0.00044800000614486635,0,-0.6387749910354614,0.7693930268287659,0.0008999999845400453,0,0.0002300000051036477,-0.0009790000040084124,0.9999989867210388,0,0,0.13920100033283234,0,1,0.7317289710044861,0.5815550088882446,0.35547900199890137,0,-0.40769898891448975,0.7913979887962341,-0.45548900961875916,0,-0.5462179780006409,0.18836599588394165,0.8161889910697937,0,0,0.10313799977302551,0,1,-0.9532189965248108,-0.16533200442790985,0.2530589997768402,0,-0.18119500577449799,0.9826110005378723,-0.04054899886250496,0,-0.2419549971818924,-0.08450499922037125,-0.9666010141372681,0,0,0.0555570013821125,0,1,0.9995409846305847,-0.030031999573111534,0.0038960000965744257,0,0.030031999573111534,0.9664390087127686,-0.2551330029964447,0,0.003897000104188919,0.2551330029964447,0.9668980240821838,0,0,0.00011999999696854502,0,1,0.9999409914016724,-0.010881000198423862,0.0005039999959990382,0,0.010881000198423862,0.9956589937210083,-0.09244000166654587,0,0.0005039999959990382,0.09244000166654587,0.9957180023193359,0,0,0.00018000000272877514,0,1,0.22847899794578552,-0.06548000127077103,0.971343994140625,0,-0.9692659974098206,0.07818199694156647,0.23326000571250916,0,-0.09121599793434143,-0.9947860240936279,-0.045604001730680466,0,-0.02970699965953827,0.04021700099110603,-0.00005400000009103678,1,0.5384600162506104,0.3175869882106781,-0.7805119752883911,0,0.2740289866924286,0.8099160194396973,0.5185980200767517,0,0.7968500256538391,-0.4931280016899109,0.3490790128707886,0,0,0.05949300155043602,0,1,0.6820669770240784,-0.7312880158424377,0.0016370000084862113,0,0.7312890291213989,0.6820610165596008,-0.003008000086992979,0,0.00108299998100847,0.003249000059440732,0.9999939799308777,0,0,0.13920700550079346,0,1,0.8191739916801453,-0.08614499866962433,0.5670390129089355,0,0.48226499557495117,0.6385849714279175,-0.5996909737586975,0,-0.3104420006275177,0.7647150158882141,0.5646569728851318,0,0,0.10314899682998657,0,1,-0.9732180237770081,-0.00431999983265996,0.22984200716018677,0,-0.031074000522494316,0.9931190013885498,-0.11291299760341644,0,-0.22777299582958221,-0.11703100055456161,-0.9666560292243958,0,0,0.04397499933838844,0,1,0.5186480283737183,-0.7628840208053589,-0.3860209882259369,0,0.7042610049247742,0.12518900632858276,0.6988170146942139,0,-0.48478999733924866,-0.6342989802360535,0.6021980047225952,0,0,0.006318999920040369,0,1,-0.0807339996099472,0.9008970260620117,-0.4264580011367798,0,0.360493004322052,-0.3724989891052246,-0.8551549911499023,0,-0.9292619824409485,-0.22277499735355377,-0.2946929931640625,0,-0.008437000215053558,0.0008670000243000686,-0.008456000126898289,1,-0.9269970059394836,0.34514299035072327,0.14680899679660797,0,0.011119001545011997,-0.36595699191093445,0.9305649995803833,0,0.37490400671958923,0.8642640113830566,0.33540400862693787,0,0.03106899932026863,-0.015747999772429466,0.0008009999874047935,1,0.9944519996643066,0.10328300297260284,0.019951000809669495,0,0.0026309997774660587,0.1651809960603714,-0.9862599968910217,0,-0.10515999794006348,0.9808400273323059,0.1639930009841919,0,0,0.18670399487018585,0,1,0.9158959984779358,-0.22223599255084991,0.3342840075492859,0,-0.3047890067100525,0.15691499412059784,0.9394050240516663,0,-0.2612229883670807,-0.9622830152511597,0.0759819969534874,0,0,0.1868789941072464,0,1,0.9998340010643005,0.0029609999619424343,-0.01795800030231476,0,0.009680000133812428,0.7490350008010864,0.6624600291252136,0,0.015412000007927418,-0.6625239849090576,0.748881995677948,0,0,0.07976700365543365,0,1,-0.6806589961051941,0.45040300488471985,-0.5777900218963623,0,-0.6992800235748291,-0.16428600251674652,0.6957129836082458,0,0.21842800080776215,0.8775799870491028,0.4267809987068176,0,-0.03106899932026863,-0.015747999772429466,0.0003760000108741224,1,0.9921259880065918,-0.024325000122189522,-0.12285500019788742,0,-0.008948000147938728,0.9646810293197632,-0.26326999068260193,0,0.12492000311613083,0.26229599118232727,0.9568679928779602,0,0,0.18669499456882477,0,1,0.8430259823799133,-0.03078100085258484,-0.5369910001754761,0,0.15266099572181702,0.9709979891777039,0.184005007147789,0,0.5157529711723328,-0.23709799349308014,0.8232759833335876,0,0,0.18685199320316315,0,1,0.9998369812965393,-0.003598000155761838,0.017683999612927437,0,-0.00926399976015091,0.738631010055542,0.674045979976654,0,-0.015487000346183777,-0.6740999817848206,0.7384780049324036,0,0,0.07939399778842926,0,1
