0.233,30,6,33
B0,mixamorig_Hips,-1,0.7229884266853333,0.05673116818070412,0.6723567247390747,0,-0.11241838335990906,0.9917110204696655,0.043863799422979355,0,-0.6647657752037048,-0.10281231254339218,0.7249493598937988,0,-0.03320319950580597,0.4039227366447449,0.010238260962069035,1
B1,mixamorig_Spine,0,0.9833070039749146,-0.05015156418085098,-0.16292189061641693,0,0.08159243315458298,0.9785603284835815,0.18884986639022827,0,0.14988058805465698,-0.19948025047779083,0.9662903547286987,0,0,0.028317999094724655,-0.001142999972216785,1
B2,mixamorig_Spine1,1,0.968174397945404,0.0017478872323408723,-0.23390905559062958,0,0.041583847254514694,0.9830765724182129,0.17747174203395844,0,0.23048445582389832,-0.18010522425174713,0.9522565603256226,0,0,0.03306400030851364,0,1
B3,mixamorig_Spine2,2,0.9656316637992859,0.007524344138801098,-0.24268312752246857,0,0.032493699342012405,0.9862501621246338,0.15998616814613342,0,0.2407752424478531,-0.16022315621376038,0.9531059265136719,0,0,0.03778799995779991,0,1
B4,mixamorig_Neck,3,0.999631941318512,0.006183767691254616,-0.009930686093866825,0,-0.006238316651433706,0.9997811317443848,-0.018225720152258873,0,0.00978428777307272,0.018137892708182335,0.9994925260543823,0,0,0.042511001229286194,0,1
B5,mixamorig_Head,4,0.971855640411377,-0.219929039478302,-0.05092017725110054,0,0.1883719116449356,0.9157818555831909,-0.34654495120048523,0,0.12109413743019104,0.330203652381897,0.9351209402084351,0,0,0.011487999930977821,0.0007229999755509198,1
B6,mixamorig_HeadTop_End,5,1,0,0,0,0,1,0,0,0,0,1,0,0,0.054951999336481094,0.0034580000210553408,1
B7,mixamorig_LeftShoulder,3,0.012257985770702362,0.06175267696380615,-0.990351676940918,0,0.990511417388916,-0.04573918506503105,0.011226312257349491,0,-0.04115484282374382,-0.9956135153770447,-0.056434571743011475,0,0.02970699965953827,0.04022099822759628,-0.00013099999341648072,1
B8,mixamorig_LeftArm,7,0.8815319538116455,0.09576517343521118,0.46126997470855713,0,-0.43516725301742554,0.5430598258972168,0.7169235348701477,0,-0.1827264279127121,-0.8328328132629395,0.520592987537384,0,0,0.05949300155043602,0,1
B9,mixamorig_LeftForeArm,8,-0.14292912185192108,-0.13446465134620667,0.9802500009536743,0,-0.9675897359848022,0.22033001482486725,-0.11206323653459549,0,-0.20104482769966125,-0.9644631743431091,-0.16203266382217407,0,0,0.13920100033283234,0,1
B10,mixamorig_LeftHand,9,0.8116801977157593,-0.30965203046798706,0.485664963722229,0,0.33044612407684326,0.9406049847602844,0.040294334292411804,0,-0.47091513872146606,0.13279595971107483,0.8672119975090027,0,0,0.10313799977302551,0,1
B11,mixamorig_LeftHandIndex1,10,-0.9275509715080261,-0.09914809465408325,0.36030399799346924,0,0.037413906306028366,0.9346780180931091,0.3535209894180298,0,-0.37181898951530457,0.34138891100883484,-0.8632519841194153,0,0,0.0555570013821125,0,1
B12,mixamorig_LeftHandIndex2,11,0.9983329772949219,-0.05594699829816818,0.014158999547362328,0,0.05594699829816818,0.8780440092086792,-0.4752989113330841,0,0.014158999547362328,0.4752989113330841,0.8797109723091125,0,0,0.00011999999696854502,0,1
B13,mixamorig_LeftHandIndex3,12,0.9983230233192444,-0.05611390620470047,0.01425000000745058,0,0.05611390620470047,0.8772670030593872,-0.47671109437942505,0,0.014248999767005444,0.47671109437942505,0.8789439797401428,0,0,0.00018000000272877514,0,1
B14,mixamorig_LeftHandIndex4,13,1,0,0,0,0,1,0,0,0,0,1,0,0,0.00018000000272877514,0,1
B15,mixamorig_RightShoulder,3,0.22216476500034332,-0.2163793444633484,0.9495464563369751,0,-0.9540176391601562,0.1475546509027481,0.2567386329174042,0,-0.19553937017917633,-0.9650888442993164,-0.1737373322248459,0,-0.02970699965953827,0.04021700099110603,-0.00005400000009103678,1
B16,mixamorig_RightArm,15,0.5690637230873108,-0.7813373804092407,0.2543018162250519,0,0.5696893930435181,0.5971857309341431,0.5551497340202332,0,-0.5846890807151794,-0.17366448044776917,0.7861576676368713,0,0,0.05949300155043602,0,1
B17,mixamorig_RightForeArm,16,-0.31209424138069153,-0.7922471761703491,-0.5241408348083496,0,0.9225585460662842,-0.12186296284198761,-0.3654753863811493,0,0.2256644070148468,-0.5975114107131958,0.7691673040390015,0,0,0.13920700550079346,0,1
B18,mixamorig_RightHand,17,0.8204075694084167,-0.48017022013664246,-0.2956169843673706,0,0.49798494577407837,0.8596216440200806,-0.014796843752264977,0,0.2585873603820801,-0.13365276157855988,0.9546682834625244,0,0,0.10314899682998657,0,1
B19,mixamorig_RightHandIndex1,18,-0.9668920040130615,-0.11925099790096283,0.2256080061197281,0,-0.10112299770116806,0.9907659888267517,0.0903099998831749,0,-0.2342940866947174,0.06450600177049637,-0.970022976398468,0,0,0.04397499933838844,0,1
B20,mixamorig_RightHandIndex2,19,0.49652099609375,-0.8081989884376526,-0.3166710138320923,0,0.708367109298706,0.16642099618911743,0.6859449148178101,0,-0.501679003238678,-0.5649049878120422,0.6551331281661987,0,0,0.006318999920040369,0,1
B21,mixamorig_RightHandIndex3,20,0.029674092307686806,0.7987250089645386,-0.6009640097618103,0,0.7295479774475098,-0.4282990097999573,-0.5332159996032715,0,-0.683285117149353,-0.42260900139808655,-0.5954179763793945,0,-0.008437000215053558,0.0008670000243000686,-0.008456000126898289,1
B22,mixamorig_RightHandIndex4,21,1,0,0,0,0,1,0,0,0,0,1,0,0.00009899999713525176,0.0000870000003487803,0.000155999994603917,1
B23,mixamorig_LeftUpLeg,0,-0.9961017370223999,-0.07039149850606918,-0.008866563439369202,0,0.01779552549123764,-0.4008902907371521,0.880685567855835,0,-0.07833253592252731,0.8782907128334045,0.4020172357559204,0,0.03106899932026863,-0.015747999772429466,0.0008009999874047935,1
B24,mixamorig_LeftLeg,23,0.9991076588630676,-0.03868865594267845,0.011240518651902676,0,0.02481427602469921,0.3380146026611328,-0.9336221814155579,0,0.033141061663627625,0.9331084489822388,0.338629812002182,0,0,0.18670399487018585,0,1
B25,mixamorig_LeftFoot,24,0.990128755569458,0.131935253739357,0.013426948338747025,0,-0.0909925326704979,0.5504554510116577,0.8155854344367981,0,0.09786650538444519,-0.8088945746421814,0.5576589107513428,0,0,0.1868789941072464,0,1
B26,mixamorig_LeftToeBase,25,0.9994696378707886,0.008603128604590893,-0.030723826959729195,0,0.012596183456480503,0.7698339223861694,0.6355009078979492,0,0.029331838712096214,-0.6355733275413513,0.7693081498146057,0,0,0.07976700365543365,0,1
B27,mixamorig_LeftToe_End,26,1,0,0,0,0,1,0,0,0,0,1,0,0,0.0331760011613369,0,1
B28,mixamorig_RightUpLeg,0,-0.9480239152908325,0.02115294523537159,-0.31087982654571533,0,0.01722455397248268,-0.9023375511169434,-0.19119934737682343,0,-0.2785909175872803,-0.18586982786655426,0.8574963212013245,0,-0.03106899932026863,-0.015747999772429466,0.0003760000108741224,1
B29,mixamorig_RightLeg,28,0.9955106377601624,0.036705754697322845,0.08053581416606903,0,0.004533351399004459,0.7417398691177368,-0.500363826751709,0,-0.09037236124277115,0.49880215525627136,0.7375495433807373,0,0,0.18669499456882477,0,1
B30,mixamorig_RightFoot,29,0.993364691734314,-0.10186903178691864,0.009312838315963745,0,0.08746479451656342,0.9030545949935913,0.3944021761417389,0,-0.055669959634542465,-0.3908023536205292,0.9085299372673035,0,0,0.18685199320316315,0,1
B31,mixamorig_RightToeBase,30,0.9976438879966736,0.05498458445072174,-0.029791031032800674,0,-0.021404365077614784,0.7520763278007507,0.6585820913314819,0,0.058657627552747726,-0.656330406665802,0.751545250415802,0,0,0.07939399778842926,0,1
B32,mixamorig_RightToe_End,31,1,0,0,0,0,1,0,0,0,0,1,0,0,0.03319299966096878,0,1
@28,0,1,2,3,4,5,7,8,9,10,11,12,13,15,16,17,18,19,20,21,23,24,25,26,28,29,30,31
K0.000,0.7013360261917114,0.040647998452186584,0.7116699814796448,0,-0.09884899854660034,0.9942730069160461,0.04062400013208389,0,-0.7059429883956909,-0.09883800148963928,0.701337993144989,0,-0.03316200152039528,0.4051559865474701,0.010081999935209751,1,0.9818490147590637,-0.04881099984049797,-0.18327799439430237,0,0.08419899642467499,0.978052020072937,0.19058899581432343,0,0.16995300352573395,-0.20256200432777405,0.9644089937210083,0,0,0.028317999094724655,-0.001142999972216785,1,0.9654150009155273,0.012089000083506107,-0.26043900847435,0,0.03620300069451332,0.9830309748649597,0.17982900142669678,0,0.2581929862499237,-0.18303799629211426,0.9485949873924255,0,0,0.03306400030851364,0,1,0.9627879858016968,0.020236000418663025,-0.26949799060821533,0,0.02431200072169304,0.9866639971733093,0.16094200313091278,0,0.2691609859466553,-0.16150499880313873,0.9494569897651672,0,0,0.03778799995779991,0,1,0.9999629855155945,0.008217999711632729,-0.002343999920412898,0,-0.008263000287115574,0.9997680187225342,-0.01986899971961975,0,0.0021800000686198473,0.019888000562787056,0.9998000264167786,0,0,0.042511001229286194,0,1,0.9708009958267212,-0.23692600429058075,-0.03756299987435341,0,0.21086899936199188,0.917497992515564,-0.337240993976593,0,0.11436499655246735,0.319472998380661,0.9406690001487732,0,0,0.011487999930977821,0.0007229999755509198,1,-0.024768000468611717,0.05000799894332886,-0.9984419941902161,0,0.9979239702224731,-0.05815500020980835,-0.027667999267578125,0,-0.0594480000436306,-0.9970539808273315,-0.04846400022506714,0,0.02970699965953827,0.04022099822759628,-0.00013099999341648072,1,0.8804799914360046,0.10562700033187866,0.4621660113334656,0,-0.4382709860801697,0.5530470013618469,0.7085599899291992,0,-0.18075700104236603,-0.8264269828796387,0.533240020275116,0,0,0.05949300155043602,0,1,-0.14452800154685974,-0.12682899832725525,0.9813389778137207,0,-0.9651489853858948,0.236735999584198,-0.11154700070619583,0,-0.21817100048065186,-0.9632599949836731,-0.15662400424480438,0,0,0.13920100033283234,0,1,0.7973790168762207,-0.3213750123977661,0.5107889771461487,0,0.3403150141239166,0.9384469985961914,0.05919000133872032,0,-0.4983699917793274,0.12663200497627258,0.857666015625,0,0,0.10313799977302551,0,1,-0.9275509715080261,-0.09914799779653549,0.36030399799346924,0,0.03741399943828583,0.9346780180931091,0.3535209894180298,0,-0.37181898951530457,0.341389000415802,-0.8632519841194153,0,0,0.0555570013821125,0,1,0.9983329772949219,-0.05594699829816818,0.014158999547362328,0,0.05594699829816818,0.8780440092086792,-0.47529900074005127,0,0.014158999547362328,0.47529900074005127,0.8797109723091125,0,0,0.00011999999696854502,0,1,0.9983230233192444,-0.05611399933695793,0.01425000000745058,0,0.05611399933695793,0.8772670030593872,-0.4767110049724579,0,0.014248999767005444,0.4767110049724579,0.8789439797401428,0,0,0.00018000000272877514,0,1,0.23698799312114716,-0.2154410034418106,0.9473230242729187,0,-0.9511550068855286,0.14711900055408478,0.2714039981365204,0,-0.19784100353717804,-0.9653710126876831,-0.17005300521850586,0,-0.02970699965953827,0.04021700099110603,-0.00005400000009103678,1,0.5674329996109009,-0.7860100269317627,0.24537299573421478,0,0.5964530110359192,0.5977950096130371,0.5356159806251526,0,-0.5676829814910889,-0.15757299959659576,0.8080270290374756,0,0,0.05949300155043602,0,1,-0.31615400314331055,-0.790054976940155,-0.5252230167388916,0,0.9230219721794128,-0.12820300459861755,-0.362758994102478,0,0.21926400065422058,-0.5994799733161926,0.7697709798812866,0,0,0.13920700550079346,0,1,0.8396859765052795,-0.45665499567985535,-0.29392799735069275,0,0.4709030091762543,0.881837010383606,-0.024783000349998474,0,0.27051401138305664,-0.11760199815034866,0.9555060267448425,0,0,0.10314899682998657,0,1,-0.9668920040130615,-0.11925099790096283,0.2256080061197281,0,-0.10112299770116806,0.9907659888267517,0.0903099998831749,0,-0.23429399728775024,0.06450600177049637,-0.970022976398468,0,0,0.04397499933838844,0,1,0.49652099609375,-0.8081989884376526,-0.3166710138320923,0,0.7083669900894165,0.16642099618911743,0.6859449744224548,0,-0.501679003238678,-0.5649049878120422,0.6551330089569092,0,0,0.006318999920040369,0,1,0.029673999175429344,0.7987250089645386,-0.6009640097618103,0,0.7295479774475098,-0.4282990097999573,-0.5332159996032715,0,-0.6832849979400635,-0.42260900139808655,-0.5954179763793945,0,-0.008437000215053558,0.0008670000243000686,-0.008456000126898289,1,-0.9964150190353394,-0.08460500091314316,0.00017800000205170363,0,0.02947000041604042,-0.3451020121574402,0.9381020069122314,0,-0.07930699735879898,0.9347440004348755,0.3463580012321472,0,0.03106899932026863,-0.015747999772429466,0.0008009999874047935,1,0.999210000038147,-0.03685000166296959,0.014872999861836433,0,0.02543400041759014,0.30546799302101135,-0.9518619775772095,0,0.030533000826835632,0.9514889717102051,0.3061639964580536,0,0,0.18670399487018585,0,1,0.989130973815918,0.14646799862384796,0.012885999865829945,0,-0.09857899695634842,0.5955849885940552,0.79721999168396,0,0.10909300297498703,-0.789825975894928,0.6035509705543518,0,0,0.1868789941072464,0,1,0.999422013759613,0.008971000090241432,-0.03279700130224228,0,0.013392000459134579,0.7827479839324951,0.6221939921379089,0,0.03125400096178055,-0.6222739815711975,0.7821750044822693,0,0,0.07976700365543365,0,1,-0.9560750126838684,0.024570999667048454,-0.2920919954776764,0,0.0651250034570694,-0.9537690281867981,-0.29339998960494995,0,-0.28579801321029663,-0.29953500628471375,0.9102740287780762,0,-0.03106899932026863,-0.015747999772429466,0.0003760000108741224,1,0.9950600266456604,0.04092400148510933,0.09044600278139114,0,0.006515999790281057,0.882191002368927,-0.4708470106124878,0,-0.09905999898910522,0.46911099553108215,0.8775659799575806,0,0,0.18669499456882477,0,1,0.9961180090904236,-0.08657299727201462,0.015930000692605972,0,0.07513900101184845,0.9305210113525391,0.35844698548316956,0,-0.04585399851202965,-0.35585901141166687,0.9334139823913574,0,0,0.18685199320316315,0,1,0.997452974319458,0.061556000262498856,-0.03603700175881386,0,-0.022324999794363976,0.7492499947547913,0.6619110107421875,0,0.06774500012397766,-0.6594200134277344,0.7487159967422485,0,0,0.07939399778842926,0,1
K0.033,0.7524996399879456,0.06737828254699707,0.6551361083984375,0,-0.13325931131839752,0.9897539615631104,0.051270194351673126,0,-0.6449700593948364,-0.1258842498064041,0.7537686824798584,0,-0.03274601325392723,0.4103449881076813,0.009989019483327866,1,0.9836090803146362,-0.06238708645105362,-0.1691797375679016,0,0.09091001749038696,0.9818440079689026,0.16648481786251068,0,0.1557217389345169,-0.17913579940795898,0.9714220762252808,0,0,0.028317999094724655,-0.001142999972216785,1,0.9693240523338318,0.0008167814230546355,-0.24578261375427246,0,0.04133612662553787,0.9852089881896973,0.16629688441753387,0,0.24228359758853912,-0.17135590314865112,0.954953134059906,0,0,0.03306400030851364,0,1,0.9675101041793823,0.007620719261467457,-0.2527175843715668,0,0.03322320058941841,0.9870460033416748,0.15695695579051971,0,0.25063955783843994,-0.16025400161743164,0.954724133014679,0,0,0.03778799995779991,0,1,0.9999510049819946,0.00691596744582057,0.007049892097711563,0,-0.006978964898735285,0.9999359846115112,0.008938273414969444,0,-0.006987891159951687,-0.008986272849142551,0.99993497133255,0,0,0.042511001229286194,0,1,0.9773580431938171,-0.2090715765953064,-0.032563116401433945,0,0.17994649708271027,0.9022428393363953,-0.3918895721435547,0,0.11131303012371063,0.3771565854549408,0.9194356799125671,0,0,0.011487999930977821,0.0007229999755509198,1,0.0217048991471529,0.057792212814092636,-0.9980929493904114,0,0.9994959235191345,-0.02438257448375225,0.02032393217086792,0,-0.023161498829722404,-0.9980310201644897,-0.05829218402504921,0,0.02970699965953827,0.04022099822759628,-0.00013099999341648072,1,0.8142125010490417,0.09550897032022476,0.5726577043533325,0,-0.5504096150398254,0.44076281785964966,0.7090681791305542,0,-0.18468326330184937,-0.8925285339355469,0.411443293094635,0,0,0.05949300155043602,0,1,-0.16407272219657898,-0.18473529815673828,0.9689961671829224,0,-0.9289656281471252,0.3593618869781494,-0.08878382295370102,0,-0.3318190276622772,-0.9147307276725769,-0.23057430982589722,0,0,0.13920100033283234,0,1,0.8535689115524292,-0.41594886779785156,0.31369659304618835,0,0.42701971530914307,0.9035205841064453,0.03611234948039055,0,-0.29845187067985535,0.10312923043966293,0.9488363862037659,0,0,0.10313799977302551,0,1,-0.9275509715080261,-0.09914799779653549,0.36030399799346924,0,0.03741399943828583,0.9346780180931091,0.3535209894180298,0,-0.37181898951530457,0.341389000415802,-0.8632519841194153,0,0,0.0555570013821125,0,1,0.9983329772949219,-0.05594699829816818,0.014158999547362328,0,0.05594699829816818,0.8780440092086792,-0.4752979874610901,0,0.014158999547362328,0.4752979874610901,0.8797109723091125,0,0,0.00011999999696854502,0,1,0.9983230233192444,-0.05611399933695793,0.01425000000745058,0,0.05611399933695793,0.8772670030593872,-0.4767110049724579,0,0.014248999767005444,0.4767110049724579,0.8789439797401428,0,0,0.00018000000272877514,0,1,0.22271770238876343,-0.2186850756406784,0.9500390887260437,0,-0.954986035823822,0.1469389945268631,0.25770074129104614,0,-0.19595295190811157,-0.9646689891815186,-0.17611613869667053,0,-0.02970699965953827,0.04021700099110603,-0.00005400000009103678,1,0.5896678566932678,-0.7627030611038208,0.2656610608100891,0,0.5269013047218323,0.6125796437263489,0.5891699194908142,0,-0.6120996475219727,-0.20743755996227264,0.7630882263183594,0,0,0.05949300155043602,0,1,-0.27865010499954224,-0.8289973735809326,-0.48488885164260864,0,0.9310210347175598,-0.10926204919815063,-0.34822604060173035,0,0.2356986105442047,-0.5484746098518372,0.8022600412368774,0,0,0.13920700550079346,0,1,0.7808940410614014,-0.5519202947616577,-0.2925536632537842,0,0.5487653017044067,0.8298739194869995,-0.10082406550645828,0,0.2984296381473541,-0.08181021362543106,0.9509190320968628,0,0,0.10314899682998657,0,1,-0.9668920040130615,-0.11925099790096283,0.2256080061197281,0,-0.10112299770116806,0.9907670021057129,0.0903099998831749,0,-0.23429399728775024,0.06450600177049637,-0.970022976398468,0,0,0.04397499933838844,0,1,0.49652099609375,-0.8081989884376526,-0.3166700005531311,0,0.7083669900894165,0.16642099618911743,0.6859449744224548,0,-0.5016800165176392,-0.5649049878120422,0.6551330089569092,0,0,0.006318999920040369,0,1,0.029673999175429344,0.7987250089645386,-0.6009640097618103,0,0.7295479774475098,-0.4282990097999573,-0.5332159996032715,0,-0.6832849979400635,-0.42261001467704773,-0.5954179763793945,0,-0.008437000215053558,0.0008670000243000686,-0.008456000126898289,1,-0.9961979389190674,-0.04147636890411377,-0.07661569863557816,0,-0.0453127920627594,-0.5044324994087219,0.8622608184814453,0,-0.0744110569357872,0.8624539375305176,0.500634491443634,0,0.03106899932026863,-0.015747999772429466,0.0008009999874047935,1,0.9996609091758728,0.00270267017185688,0.025900939479470253,0,0.01750892400741577,0.6664925813674927,-0.745306134223938,0,-0.019277190789580345,0.7455061674118042,0.6662194728851318,0,0,0.18670399487018585,0,1,0.9960619807243347,0.050475090742111206,0.07289087027311325,0,-0.08863947540521622,0.5488749146461487,0.8311916589736938,0,0.001946351840160787,-0.8343786597251892,0.5511878728866577,0,0,0.1868789941072464,0,1,0.9995070099830627,0.008210994303226471,-0.030309004709124565,0,0.01263600867241621,0.7784550189971924,0.6275730133056641,0,0.02874700166285038,-0.6276469826698303,0.7779669761657715,0,0,0.07976700365543365,0,1,-0.9047180414199829,0.1011294424533844,-0.41383397579193115,0,0.012443452142179012,-0.9647273421287537,-0.26295551657676697,0,-0.42582985758781433,-0.24304956197738647,0.8715474009513855,0,-0.03106899932026863,-0.015747999772429466,0.0003760000108741224,1,0.9894629716873169,0.08095046132802963,0.12004311382770538,0,0.024966761469841003,0.7212861180305481,-0.6921848058700562,0,-0.14261887967586517,0.6878877282142639,0.711665153503418,0,0,0.18669499456882477,0,1,0.9918980002403259,-0.12675800919532776,0.008458904922008514,0,0.11448298394680023,0.9207345843315125,0.37301796674728394,0,-0.055072035640478134,-0.36902695894241333,0.9277855753898621,0,0,0.18685199320316315,0,1,0.998727023601532,0.04639056697487831,-0.01982552744448185,0,-0.02375495620071888,0.7791221141815186,0.6264218091964722,0,0.04450635612010956,-0.6251528859138489,0.7792321443557739,0,0,0.07939399778842926,0,1
K0.067,0.8175113201141357,0.09579271823167801,0.5678898692131042,0,-0.1644216924905777,0.9838500618934631,0.0707378089427948,0,-0.5519429445266724,-0.1512027531862259,0.8200593590736389,0,-0.034332986921072006,0.41064900159835815,0.011910980567336082,1,0.9873259663581848,-0.07101791352033615,-0.1419282704591751,0,0.09221898764371872,0.9845460057258606,0.14887918531894684,0,0.1291612684726715,-0.1600811928510666,0.9786169528961182,0,0,0.028317999094724655,-0.001142999972216785,1,0.9780259132385254,-0.021025782451033592,-0.20742039382457733,0,0.054047875106334686,0.9864590167999268,0.154849112033844,0,0.20135539770126343,-0.16265708208084106,0.9659188985824585,0,0,0.03306400030851364,0,1,0.9773708581924438,-0.020438721403479576,-0.2105434238910675,0,0.053468797355890274,0.9868699908256531,0.15240705013275146,0,0.2046644687652588,-0.16021600365638733,0.9656308889389038,0,0,0.03778799995779991,0,1,0.9999859929084778,0.003643032629042864,-0.003757892642170191,0,-0.0035050343722105026,0.9993360042572021,0.03626172989606857,0,0.0038878920022398233,-0.03624872863292694,0.999334990978241,0,0,0.042511001229286194,0,1,0.9849329590797424,-0.1671714186668396,-0.044271886348724365,0,0.12987849116325378,0.8840951919555664,-0.4488964378833771,0,0.1141829714179039,0.4363824129104614,0.8924862146377563,0,0,0.011487999930977821,0.0007229999755509198,1,0.11163510382175446,0.07898779213428497,-0.9906050562858582,0,0.9933870434761047,0.01803457923233509,0.1133870780467987,0,0.026821503415703773,-0.9967120289802551,-0.0764528214931488,0,0.02970699965953827,0.04022099822759628,-0.00013099999341648072,1,0.7643164992332458,-0.0069319820031523705,0.6448032855987549,0,-0.6089714169502258,0.3210921883583069,0.725294828414917,0,-0.21206873655319214,-0.9470224380493164,0.2411946952342987,0,0,0.05949300155043602,0,1,-0.13586927950382233,-0.11425869911909103,0.9841158390045166,0,-0.8915043473243713,0.44739213585853577,-0.07113917917013168,0,-0.4321580231189728,-0.88700932264328,-0.16264867782592773,0,0,0.13920100033283234,0,1,0.8472650647163391,-0.5017421841621399,0.17434439063072205,0,0.4973723292350769,0.8646133542060852,0.071162648499012,0,-0.18644611537456512,0.02642076089978218,0.9821096658706665,0,0,0.10313799977302551,0,1,-0.9275509715080261,-0.09914799779653549,0.36030399799346924,0,0.03741399943828583,0.9346780180931091,0.3535209894180298,0,-0.37181898951530457,0.341389000415802,-0.8632519841194153,0,0,0.0555570013821125,0,1,0.9983329772949219,-0.05594699829816818,0.014158999547362328,0,0.05594699829816818,0.8780440092086792,-0.4752979874610901,0,0.014158999547362328,0.4752979874610901,0.8797109723091125,0,0,0.00011999999696854502,0,1,0.9983230233192444,-0.056113000959157944,0.014248999767005444,0,0.056113000959157944,0.8772670030593872,-0.4767119884490967,0,0.014248999767005444,0.4767119884490967,0.8789439797401428,0,0,0.00018000000272877514,0,1,0.19344429671764374,-0.22625592350959778,0.9546659588813782,0,-0.9621909260749817,0.14642199873924255,0.22967028617858887,0,-0.19174905121326447,-0.9629999995231628,-0.1893768608570099,0,-0.02970699965953827,0.04021700099110603,-0.00005400000009103678,1,0.5751380920410156,-0.7711829543113708,0.2729349434375763,0,0.45582470297813416,0.5791513323783875,0.675875186920166,0,-0.6792933344841003,-0.26431143283843994,0.6846168041229248,0,0,0.05949300155043602,0,1,-0.18870890140533447,-0.8630066514015198,-0.46862316131591797,0,0.9359479546546936,-0.013586950488388538,-0.351874977350235,0,0.29730337858200073,-0.5050094127655029,0.8102939128875732,0,0,0.13920700550079346,0,1,0.6847039461135864,-0.6807827353477478,-0.26022031903266907,0,0.6801806688308716,0.7251390218734741,-0.10736992955207825,0,0.2617913484573364,-0.1034797802567482,0.9595609307289124,0,0,0.10314899682998657,0,1,-0.9668920040130615,-0.11925099790096283,0.2256080061197281,0,-0.10112299770116806,0.9907659888267517,0.0903099998831749,0,-0.23429399728775024,0.06450600177049637,-0.970022976398468,0,0,0.04397499933838844,0,1,0.49652099609375,-0.8081989884376526,-0.3166710138320923,0,0.7083669900894165,0.16642099618911743,0.6859440207481384,0,-0.501679003238678,-0.5649049878120422,0.6551340222358704,0,0,0.006318999920040369,0,1,0.029673999175429344,0.7987250089645386,-0.6009640097618103,0,0.7295479774475098,-0.4282990097999573,-0.5332159996032715,0,-0.6832849979400635,-0.42261001467704773,-0.5954179763793945,0,-0.008437000215053558,0.0008670000243000686,-0.008456000126898289,1,-0.9889680743217468,0.021438373252749443,-0.14656829833984375,0,-0.12451621145009995,-0.6562744975090027,0.7441771626472473,0,-0.08023493736982346,0.7542170882225037,0.6517044901847839,0,0.03106899932026863,-0.015747999772429466,0.0008009999874047935,1,0.9903571009635925,0.06967134028673172,0.11974606662988663,0,0.009911075234413147,0.8264983892440796,-0.5628517866134644,0,-0.1381848156452179,0.5586108565330505,0.8178375363349915,0,0,0.18670399487018585,0,1,0.9973509907722473,-0.04043809324502945,0.06045612320303917,0,-0.03663251921534538,0.438803106546402,0.8978363275527954,0,-0.06283535808324814,-0.8976723551750183,0.436160147190094,0,0,0.1868789941072464,0,1,0.9994919896125793,0.007688004989176989,-0.030928993597626686,0,0.013445992022752762,0.7781339883804321,0.6279540061950684,0,0.028894998133182526,-0.6280509829521179,0.7776359915733337,0,0,0.07976700365543365,0,1,-0.9107139110565186,0.04552455246448517,-0.4105210304260254,0,-0.04224345460534096,-0.9989616274833679,-0.017065443098545074,0,-0.4108721613883972,0.0018005664460361004,0.9116905927658081,0,-0.03106899932026863,-0.015747999772429466,0.0003760000108741224,1,0.9913560152053833,0.12729154527187347,0.03177087754011154,0,0.0012322358088567853,0.23311786353588104,-0.9724462032318115,0,-0.13119111955165863,0.964080274105072,0.23094578087329865,0,0,0.18669499456882477,0,1,0.9918040037155151,-0.12776099145412445,-0.0010439056204631925,0,0.11336200684309006,0.8761994242668152,0.46842703223228455,0,-0.058932963758707047,-0.46470603346824646,0.883501410484314,0,0,0.18685199320316315,0,1,0.9996160268783569,0.0030744303949177265,0.027540529146790504,0,-0.019277045503258705,0.791114866733551,0.6113631725311279,0,-0.01990835927426815,-0.6116591095924377,0.7908709049224854,0,0,0.07939399778842926,0,1
K0.100,0.8717460036277771,0.12925200164318085,0.4726020097732544,0,-0.1920740008354187,0.9775210022926331,0.08695100247859955,0,-0.4507400095462799,-0.16657400131225586,0.8769760131835938,0,-0.0356220006942749,0.40650999546051025,0.009619000367820263,1,0.9924929738044739,-0.07282699644565582,-0.09825699776411057,0,0.08713100105524063,0.9848120212554932,0.15017899870872498,0,0.08582799881696701,-0.15761299431324005,0.9837639927864075,0,0,0.028317999094724655,-0.001142999972216785,1,0.9870759844779968,-0.047352999448776245,-0.153097003698349,0,0.07073599845170975,0.9859849810600281,0.1510940045118332,0,0.14379699528217316,-0.15997099876403809,0.9765920042991638,0,0,0.03306400030851364,0,1,0.9866750240325928,-0.05317400023341179,-0.15376600623130798,0,0.07657500356435776,0.9856370091438293,0.150518998503685,0,0.14355400204658508,-0.160288006067276,0.9765759706497192,0,0,0.03778799995779991,0,1,0.9996680021286011,0.0005140001303516328,-0.02577899768948555,0,0.00064699980430305,0.998986005783081,0.04502100124955177,0,0.025775998830795288,-0.04502300173044205,0.998652994632721,0,0,0.042511001229286194,0,1,0.9884359836578369,-0.13414199650287628,-0.07071100175380707,0,0.0837630033493042,0.8717179894447327,-0.48279500007629395,0,0.12640300393104553,0.4712890088558197,0.8728740215301514,0,0,0.011487999930977821,0.0007229999755509198,1,0.2163819968700409,0.1090250015258789,-0.9702020287513733,0,0.9733549952507019,0.05315399914979935,0.22305800020694733,0,0.07588899880647659,-0.9926170110702515,-0.09461899846792221,0,0.02970699965953827,0.04022099822759628,-0.00013099999341648072,1,0.7995259761810303,0.013308999128639698,0.6004830002784729,0,-0.5717399716377258,0.3232010006904602,0.7540919780731201,0,-0.18404099345207214,-0.9462370276451111,0.26601600646972656,0,0,0.05949300155043602,0,1,-0.14195500314235687,-0.16505199670791626,0.9760159850120544,0,-0.9209809899330139,0.38342899084091187,-0.06910999864339828,0,-0.36282598972320557,-0.90870201587677,-0.2064400017261505,0,0,0.13920100033283234,0,1,0.8972139954566956,-0.42840200662612915,0.10713999718427658,0,0.42371198534965515,0.9035030007362366,0.06442300230264664,0,-0.12439999729394913,-0.01240499783307314,0.9921550154685974,0,0,0.10313799977302551,0,1,-0.9275509715080261,-0.09914900362491608,0.36030399799346924,0,0.03741300106048584,0.9346780180931091,0.3535209894180298,0,-0.37181898951530457,0.341389000415802,-0.8632519841194153,0,0,0.0555570013821125,0,1,0.9983329772949219,-0.05594800040125847,0.014158999547362328,0,0.05594800040125847,0.8780440092086792,-0.4752979874610901,0,0.014158999547362328,0.4752979874610901,0.8797109723091125,0,0,0.00011999999696854502,0,1,0.9983230233192444,-0.05611399933695793,0.01425000000745058,0,0.05611399933695793,0.8772670030593872,-0.4767119884490967,0,0.014248999767005444,0.4767119884490967,0.8789439797401428,0,0,0.00018000000272877514,0,1,0.15976199507713318,-0.23707200586795807,0.958266019821167,0,-0.96943199634552,0.14544300734996796,0.19760499894618988,0,-0.18622000515460968,-0.9605429768562317,-0.2065889984369278,0,-0.02970699965953827,0.04021700099110603,-0.00005400000009103678,1,0.5887219905853271,-0.7615389823913574,0.27104300260543823,0,0.37883099913597107,0.5561410188674927,0.7397260069847107,0,-0.7140679955482483,-0.3328140079975128,0.6159070134162903,0,0,0.05949300155043602,0,1,-0.11288999766111374,-0.8851919770240784,-0.451321005821228,0,0.9339479804039001,0.060489997267723083,-0.3522520065307617,0,0.33911100029945374,-0.46127599477767944,0.8198950290679932,0,0,0.13920700550079346,0,1,0.5693920254707336,-0.7757400274276733,-0.27206701040267944,0,0.7914990186691284,0.6067349910736084,-0.07349400222301483,0,0.22208499908447266,-0.17349399626255035,0.9594680070877075,0,0,0.10314899682998657,0,1,-0.9668920040130615,-0.11925099790096283,0.2256080061197281,0,-0.10112299770116806,0.9907659888267517,0.0903099998831749,0,-0.23429399728775024,0.06450600177049637,-0.970022976398468,0,0,0.04397499933838844,0,1,0.49652099609375,-0.8081989884376526,-0.3166700005531311,0,0.7083669900894165,0.16642099618911743,0.6859449744224548,0,-0.5016800165176392,-0.5649049878120422,0.6551340222358704,0,0,0.006318999920040369,0,1,0.029673999175429344,0.7987250089645386,-0.6009640097618103,0,0.7295479774475098,-0.4282979965209961,-0.5332159996032715,0,-0.6832849979400635,-0.42261001467704773,-0.5954179763793945,0,-0.008437000215053558,0.0008670000243000686,-0.008456000126898289,1,-0.9814620018005371,0.09183099865913391,-0.16822199523448944,0,-0.18083499372005463,-0.7344610095024109,0.6541140079498291,0,-0.06348499655723572,0.6724089980125427,0.7374529838562012,0,0.03106899932026863,-0.015747999772429466,0.0008009999874047935,1,0.9895719885826111,0.06753800064325333,0.12722699344158173,0,0.015464999713003635,0.8283420205116272,-0.5600090026855469,0,-0.14320999383926392,0.5561370253562927,0.8186590075492859,0,0,0.18670399487018585,0,1,0.9906089901924133,0.07740199565887451,0.11270599812269211,0,-0.13664600253105164,0.5884310007095337,0.7969170212745667,0,-0.004637002944946289,-0.8048340082168579,0.5934820175170898,0,0,0.1868789941072464,0,1,0.999629020690918,-0.005365999415516853,-0.02670300006866455,0,0.02084200084209442,0.7818670272827148,0.6230970025062561,0,0.017534999176859856,-0.6234220266342163,0.7816889882087708,0,0,0.07976700365543365,0,1,-0.8943899869918823,0.0018810019828379154,-0.4472840130329132,0,-0.13834799826145172,-0.9521179795265198,0.2726370096206665,0,-0.42535400390625,0.30572399497032166,0.8518249988555908,0,-0.03106899932026863,-0.015747999772429466,0.0003760000108741224,1,0.9947980046272278,0.09872499853372574,-0.025094999000430107,0,-0.006238999310880899,-0.18684197962284088,-0.9823700189590454,0,-0.10167299956083298,0.9774169921875,-0.18525397777557373,0,0,0.18669499456882477,0,1,0.9887679815292358,-0.1485459953546524,0.0165180005133152,0,0.11340600252151489,0.8176320195198059,0.5644620060920715,0,-0.09735400229692459,-0.5562480092048645,0.825294017791748,0,0,0.18685199320316315,0,1,0.9995089769363403,-0.0019439997849985957,0.03127500042319298,0,-0.017656000331044197,0.7895990014076233,0.6133689880371094,0,-0.02588699944317341,-0.6136199831962585,0.7891770005226135,0,0,0.07939399778842926,0,1
K0.133,0.9119281768798828,0.17385639250278473,0.3717001974582672,0,-0.22095322608947754,0.9713279604911804,0.08776387572288513,0,-0.34578418731689453,-0.16216279566287994,0.9241952896118164,0,-0.03442799299955368,0.3975299298763275,0.008858028799295425,1,0.99692302942276,-0.0702989250421524,-0.034666307270526886,0,0.07501481473445892,0.9839450120925903,0.1619390994310379,0,0.02272632345557213,-0.16404205560684204,0.986191987991333,0,0,0.028317999094724655,-0.001142999972216785,1,0.9943249821662903,-0.0740252435207367,-0.07640799880027771,0,0.08501608669757843,0.9846559762954712,0.1523980349302292,0,0.06395397335290909,-0.15802894532680511,0.9853609800338745,0,0,0.03306400030851364,0,1,0.9933170080184937,-0.08447831124067307,-0.07864503562450409,0,0.0955781638622284,0.9840279817581177,0.150177001953125,0,0.06470201164484024,-0.15668991208076477,0.9855260252952576,0,0,0.03778799995779991,0,1,0.9985359907150269,-0.004708088468760252,-0.053891297429800034,0,0.006157072726637125,0.9996230006217957,0.026761706918478012,0,0.05374529957771301,-0.027054715901613235,0.9981880187988281,0,0,0.042511001229286194,0,1,0.9891099333763123,-0.099277563393116,-0.108653724193573,0,0.037134330719709396,0.8826921582221985,-0.4684816598892212,0,0.14241744577884674,0.459344744682312,0.8767670392990112,0,0,0.011487999930977821,0.0007229999755509198,1,0.310024619102478,0.14692027866840363,-0.939307689666748,0,0.9445967674255371,0.06442810595035553,0.3218476474285126,0,0.10780328512191772,-0.9870479106903076,-0.11880715191364288,0,0.02970699965953827,0.04022099822759628,-0.00013099999341648072,1,0.844850480556488,0.03648063540458679,0.5337571501731873,0,-0.5040949583053589,0.3884716033935547,0.771348237991333,0,-0.17921023070812225,-0.9207387566566467,0.34658950567245483,0,0,0.05949300155043602,0,1,-0.12571601569652557,-0.18178926408290863,0.9752679467201233,0,-0.9743942022323608,0.20735351741313934,-0.086953304708004,0,-0.18641847372055054,-0.9612271785736084,-0.20320211350917816,0,0,0.13920100033283234,0,1,0.936164140701294,-0.3042019009590149,0.1762336641550064,0,0.3146131932735443,0.9486181139945984,-0.03380609676241875,0,-0.1568944901227951,0.0870930552482605,0.9837677478790283,0,0,0.10313799977302551,0,1,-0.9275509715080261,-0.09914799779653549,0.36030399799346924,0,0.03741399943828583,0.9346780180931091,0.3535209894180298,0,-0.37181898951530457,0.341389000415802,-0.8632519841194153,0,0,0.0555570013821125,0,1,0.9983329772949219,-0.05594800040125847,0.014158999547362328,0,0.05594800040125847,0.8780440092086792,-0.47529900074005127,0,0.014158999547362328,0.47529900074005127,0.8797109723091125,0,0,0.00011999999696854502,0,1,0.9983230233192444,-0.056113000959157944,0.014248999767005444,0,0.056113000959157944,0.8772670030593872,-0.4767110049724579,0,0.014248999767005444,0.4767110049724579,0.8789439797401428,0,0,0.00018000000272877514,0,1,0.117929607629776,-0.23734088242053986,0.964241087436676,0,-0.9767630696296692,0.1472710520029068,0.15571057796478271,0,-0.17896093428134918,-0.9601979851722717,-0.21445895731449127,0,-0.02970699965953827,0.04021700099110603,-0.00005400000009103678,1,0.6003088355064392,-0.7397949695587158,0.3038633465766907,0,0.3123369812965393,0.5666282176971436,0.7624807953834534,0,-0.7362571358680725,-0.3628166615962982,0.5712170600891113,0,0,0.05949300155043602,0,1,-0.19636377692222595,-0.8439056873321533,-0.4992651343345642,0,0.924985945224762,0.009513295255601406,-0.3798821270465851,0,0.3253336250782013,-0.5364074110984802,0.7787328362464905,0,0,0.13920700550079346,0,1,0.5760306119918823,-0.7722373604774475,-0.2680264413356781,0,0.8076545000076294,0.58823162317276,0.040964413434267044,0,0.1260281801223755,-0.24006949365139008,0.962539792060852,0,0,0.10314899682998657,0,1,-0.9668920040130615,-0.11925099790096283,0.2256080061197281,0,-0.10112299770116806,0.9907659888267517,0.0903099998831749,0,-0.23429399728775024,0.06450600177049637,-0.970022976398468,0,0,0.04397499933838844,0,1,0.49652099609375,-0.8081989884376526,-0.3166710138320923,0,0.7083669900894165,0.16642099618911743,0.6859440207481384,0,-0.501679003238678,-0.5649049878120422,0.6551340222358704,0,0,0.006318999920040369,0,1,0.029673999175429344,0.7987250089645386,-0.6009650230407715,0,0.7295479774475098,-0.4282990097999573,-0.5332159996032715,0,-0.6832849979400635,-0.42261001467704773,-0.5954170227050781,0,-0.008437000215053558,0.0008670000243000686,-0.008456000126898289,1,-0.9790671467781067,0.10493461787700653,-0.17440320551395416,0,-0.18685007095336914,-0.8031673431396484,0.5656925439834595,0,-0.08071388304233551,0.5864384174346924,0.8059613704681396,0,0.03106899932026863,-0.015747999772429466,0.0008009999874047935,1,0.9977430105209351,0.04238300397992134,0.05208023265004158,0,0.01302005909383297,0.6387801170349121,-0.769278883934021,0,-0.06587275117635727,0.7682209014892578,0.6367871761322021,0,0,0.18670399487018585,0,1,0.996194064617157,-0.01205996610224247,0.08632832020521164,0,-0.08092635869979858,0.24003073573112488,0.9673862457275391,0,-0.032387785613536835,-0.9706902503967285,0.2381407469511032,0,0,0.1868789941072464,0,1,0.999629020690918,-0.005366895347833633,-0.026703838258981705,0,0.020843839272856712,0.781865656375885,0.6230984330177307,0,0.017534930258989334,-0.6234234571456909,0.7816876173019409,0,0,0.07976700365543365,0,1,-0.8706150054931641,-0.014386975206434727,-0.4917539954185486,0,-0.31550830602645874,-0.7506135106086731,0.5805442333221436,0,-0.37747031450271606,0.6605835556983948,0.6489559412002563,0,-0.03106899932026863,-0.015747999772429466,0.0003760000108741224,1,0.9988390207290649,0.03525160625576973,-0.03282082453370094,0,-0.010866038501262665,-0.4989231824874878,-0.8665781617164612,0,-0.04692259058356285,0.8659292459487915,-0.49796122312545776,0,0,0.18669499456882477,0,1,0.9797129034996033,-0.20011450350284576,-0.010794442147016525,0,0.15141154825687408,0.703843355178833,0.6940314769744873,0,-0.13128820061683655,-0.6815854907035828,0.7198634743690491,0,0,0.18685199320316315,0,1,0.9995030164718628,-0.006177024450153112,0.03091699816286564,0,-0.014387980103492737,0.7831929326057434,0.621613085269928,0,-0.02805401384830475,-0.6217480301856995,0.7827139496803284,0,0,0.07939399778842926,0,1
