0.700,30,20,33
B0,mixamorig_Hips,-1,0.7303603291511536,0.011959620751440525,0.6829562187194824,0,0.03846907615661621,0.9975373148918152,-0.058607034385204315,0,-0.6819750070571899,0.06907738745212555,0.7281045317649841,0,0.0033123961184173822,0.3883543014526367,-0.002737336326390505,1
B1,mixamorig_Spine,0,0.9979401230812073,-0.06343221664428711,-0.009598171338438988,0,0.06400368362665176,0.9741669297218323,0.2165684700012207,0,-0.004387033637613058,-0.21673665940761566,0.9762204885482788,0,0,0.028317999094724655,-0.001142999972216785,1
B2,mixamorig_Spine1,1,0.9917810559272766,-0.1222488060593605,-0.037739355117082596,0,0.12488172948360443,0.8608682751655579,0.4932639002799988,0,-0.027812330052256584,-0.4939224421977997,0.8690603971481323,0,0,0.03306400030851364,0,1
B3,mixamorig_Spine2,2,0.9917810559272766,-0.1222488060593605,-0.037739355117082596,0,0.12488172948360443,0.8608682751655579,0.4932639002799988,0,-0.027812885120511055,-0.4939224421977997,0.8690603971481323,0,0,0.03778799995779991,0,1
B4,mixamorig_Neck,3,0.9939630627632141,-0.08189224451780319,-0.07298201322555542,0,0.08676686137914658,0.9940161108970642,0.06633175909519196,0,0.06711362302303314,-0.07226528972387314,0.9951245188713074,0,0,0.042511001229286194,0,1
B5,mixamorig_Head,4,0.9920270442962646,0.019278809428215027,-0.12453746795654297,0,-0.015355364419519901,0.9993563890457153,0.03238235041499138,0,0.12508267164230347,-0.030212121084332466,0.9916848540306091,0,0,0.011487999930977821,0.0007229999755509198,1
B6,mixamorig_HeadTop_End,5,1,0,0,0,0,1,0,0,0,0,1,0,0,0.054951999336481094,0.0034580000210553408,1
B7,mixamorig_LeftShoulder,3,-0.017167257145047188,-0.06977122277021408,-0.9974150061607361,0,0.9777000546455383,0.2076510637998581,-0.03135370835661888,0,0.20930229127407074,-0.9757117033004761,0.06465049088001251,0,0.02970699965953827,0.04022099822759628,-0.00013099999341648072,1
B8,mixamorig_LeftArm,7,0.895843505859375,-0.2075452208518982,0.39290449023246765,0,0.14264726638793945,0.9717278480529785,0.1880507916212082,0,-0.4208170473575592,-0.1124240905046463,0.9001415371894836,0,0,0.05949300155043602,0,1
B9,mixamorig_LeftForeArm,8,0.9489027857780457,0.25920429825782776,0.17992758750915527,0,-0.28250735998153687,0.9518946409225464,0.11858722567558289,0,-0.1405370980501175,-0.16336502134799957,0.9765043258666992,0,0,0.13920100033283234,0,1
B10,mixamorig_LeftHand,9,0.9612573385238647,0.27114441990852356,0.049616243690252304,0,-0.190983384847641,0.7849299311637878,-0.5894153714179993,0,-0.19876204431056976,0.5571034550666809,0.8063042759895325,0,0,0.10313799977302551,0,1
B11,mixamorig_LeftHandIndex1,10,-0.9705162048339844,-0.13400113582611084,0.2003536820411682,0,-0.1215420514345169,0.9898709654808044,0.07329772412776947,0,-0.20814897119998932,0.04678463935852051,-0.9769724607467651,0,0,0.0555570013821125,0,1
B12,mixamorig_LeftHandIndex2,11,0.9988889694213867,-0.04645282402634621,0.007906411774456501,0,0.046835508197546005,0.9603051543235779,-0.2749921977519989,0,0.00518161803483963,0.27505630254745483,0.9614136219024658,0,0,0.00011999999696854502,0,1
B13,mixamorig_LeftHandIndex3,12,1,0,0,0,0,1,0,0,0,0,1,0,0,0.00018000000272877514,0,1
B14,mixamorig_LeftHandIndex4,13,1,0,0,0,0,1,0,0,0,0,1,0,0,0.00018000000272877514,0,1
B15,mixamorig_RightShoulder,3,-0.2124246507883072,0.09618175774812698,0.9724317193031311,0,-0.9480331540107727,0.22093085944652557,-0.22894836962223053,0,-0.23686107993125916,-0.9705323576927185,0.04425275698304176,0,-0.02970699965953827,0.04021700099110603,-0.00005400000009103678,1
B16,mixamorig_RightArm,15,0.8991174697875977,0.32493382692337036,-0.2932611405849457,0,-0.2652655243873596,0.9374498724937439,0.22542081773281097,0,0.3481624126434326,-0.12488774210214615,0.9290743470191956,0,0,0.05949300155043602,0,1
B17,mixamorig_RightForeArm,16,0.8792653679847717,-0.470950186252594,-0.07134566456079483,0,0.4731333255767822,0.8808304071426392,0.016584083437919617,0,0.05503297969698906,-0.048335857689380646,0.9973132014274597,0,0,0.13920700550079346,0,1
B18,mixamorig_RightHand,17,0.9596039652824402,-0.11684882640838623,-0.2540619373321533,0,-0.05112774670124054,0.8197914958000183,-0.5701711773872375,0,0.274946391582489,0.560595691204071,0.7806472182273865,0,0,0.10314899682998657,0,1
B19,mixamorig_RightHandIndex1,18,-0.9667259454727173,-0.04973481968045235,0.2509267330169678,0,-0.014798368327319622,0.9901076555252075,0.13921883702278137,0,-0.2553841471672058,0.1308717280626297,-0.9578975439071655,0,0,0.04397499933838844,0,1
B20,mixamorig_RightHandIndex2,19,0.47401976585388184,-0.8505544066429138,-0.2277263104915619,0,0.714699923992157,0.2205991894006729,0.6637309193611145,0,-0.5143045783042908,-0.4773772358894348,0.7124588489532471,0,0,0.006318999920040369,0,1
B21,mixamorig_RightHandIndex3,20,-0.09022656083106995,0.9166529774665833,-0.389367014169693,0,0.28303098678588867,-0.35124099254608154,-0.8924810290336609,0,-0.9548569917678833,-0.19072900712490082,-0.2277500033378601,0,-0.008437000215053558,0.0008670000243000686,-0.008456000126898289,1
B22,mixamorig_RightHandIndex4,21,1,0,0,0,0,1,0,0,0,0,1,0,0.00009899999713525176,0.0000870000003487803,0.000155999994603917,1
B23,mixamorig_LeftUpLeg,0,-0.9373906850814819,0.0462234765291214,0.3451589047908783,0,0.32498642802238464,-0.24007515609264374,0.9147358536720276,0,0.12515196204185486,0.9696382284164429,0.21003076434135437,0,0.03106899932026863,-0.015747999772429466,0.0008009999874047935,1
B24,mixamorig_LeftLeg,23,0.9994344115257263,0.03058050014078617,-0.013908750377595425,0,0.006095857359468937,-0.5721272826194763,-0.8201375007629395,0,-0.03303944319486618,0.8195898532867432,-0.5719898343086243,0,0,0.18670399487018585,0,1
B25,mixamorig_LeftFoot,24,0.9889253973960876,-0.13729776442050934,0.05636350437998772,0,0.04803263768553734,0.6553841233253479,0.7537243962287903,0,-0.14042386412620544,-0.7426697015762329,0.6547205448150635,0,0,0.1868789941072464,0,1
B26,mixamorig_LeftToeBase,25,0.9997934699058533,0.0014664275804534554,-0.020273357629776,0,0.011898801662027836,0.7664098739624023,0.642241895198822,0,0.01647990010678768,-0.642350435256958,0.7662338614463806,0,0,0.07976700365543365,0,1
B27,mixamorig_LeftToe_End,26,1,0,0,0,0,1,0,0,0,0,1,0,0,0.0331760011613369,0,1
B28,mixamorig_RightUpLeg,0,-0.8924645185470581,0.06550221145153046,-0.4463151693344116,0,-0.4460010230541229,-0.276428759098053,0.851267397403717,0,-0.06761849671602249,0.9587937593460083,0.2759286165237427,0,-0.03106899932026863,-0.015747999772429466,0.0003760000108741224,1
B29,mixamorig_RightLeg,28,0.9787915349006653,0.1440817415714264,-0.14561404287815094,0,-0.02404441498219967,-0.6250903010368347,-0.7801745533943176,0,-0.20342859625816345,0.7671300768852234,-0.6083700060844421,0,0,0.18669499456882477,0,1
B30,mixamorig_RightFoot,29,0.992417573928833,0.10057749599218369,-0.06891155242919922,0,-0.06817781925201416,0.9261927604675293,0.3706047534942627,0,0.10105016827583313,-0.36304721236228943,0.9262122511863708,0,0,0.18685199320316315,0,1
B31,mixamorig_RightToeBase,30,0.9996358156204224,0.00266303145326674,0.026859527453780174,0,-0.018029872328042984,0.806428849697113,0.5910555720329285,0,-0.020086634904146194,-0.5913248062133789,0.806182861328125,0,0,0.07939399778842926,0,1
B32,mixamorig_RightToe_End,31,1,0,0,0,0,1,0,0,0,0,1,0,0,0.03319299966096878,0,1
@28,0,1,2,3,4,5,7,8,9,10,11,12,13,15,16,17,18,19,20,21,23,24,25,26,28,29,30,31
K0.000,0.7297289967536926,0.007153000216931105,0.6836990118026733,0,0.047807998955249786,0.9969639778137207,-0.06145799905061722,0,-0.6820629835128784,0.07753399759531021,0.7271720170974731,0,0.0026859999634325504,0.38778001070022583,-0.0031510000117123127,1,0.9979209899902344,-0.06388899683952332,-0.008422000333666801,0,0.06419900059700012,0.9743030071258545,0.21589699387550354,0,-0.005588000174611807,-0.21598899364471436,0.9763799905776978,0,0,0.028317999094724655,-0.001142999972216785,1,0.9927099943161011,-0.11495199799537659,-0.03622400015592575,0,0.11783599853515625,0.8625640273094177,0.492033988237381,0,-0.025314999744296074,-0.4927160143852234,0.8698220252990723,0,0,0.03306400030851364,0,1,0.9927099943161011,-0.11495199799537659,-0.03622400015592575,0,0.11783599853515625,0.8625649809837341,0.4920330047607422,0,-0.025314999744296074,-0.4927150011062622,0.8698220252990723,0,0,0.03778799995779991,0,1,0.9905380010604858,-0.10761000216007233,-0.08517199754714966,0,0.11318700015544891,0.9915369749069214,0.06358899921178818,0,0.07760799676179886,-0.07262799888849258,0.9943349957466125,0,0,0.042511001229286194,0,1,0.9914659857749939,0.03181599825620651,-0.12642599642276764,0,-0.026910999789834023,0.9988240003585815,0.04031899943947792,0,0.12756100296974182,-0.03657199814915657,0.9911559820175171,0,0,0.011487999930977821,0.0007229999755509198,1,-0.02197599969804287,-0.07138100266456604,-0.99720698595047,0,0.9776600003242493,0.2070239931344986,-0.03636400029063225,0,0.2090419977903366,-0.9757279753684998,0.06523700058460236,0,0.02970699965953827,0.04022099822759628,-0.00013099999341648072,1,0.8926900029182434,-0.22777900099754333,0.3888719975948334,0,0.17796699702739716,0.9709140062332153,0.16016699373722076,0,-0.41404399275779724,-0.07377299666404724,0.9072620272636414,0,0,0.05949300155043602,0,1,0.9322050213813782,0.30896198749542236,0.188509002327919,0,-0.33229300379753113,0.937034010887146,0.10746300220489502,0,-0.14343799650669098,-0.16281799972057343,0.976173996925354,0,0,0.13920100033283234,0,1,0.9577940106391907,0.2815079987049103,0.05816899985074997,0,-0.19791799783706665,0.7925710082054138,-0.5767670273780823,0,-0.2084670066833496,0.5409110188484192,0.8148350119590759,0,0,0.10313799977302551,0,1,-0.9705139994621277,-0.13297200202941895,0.2010509967803955,0,-0.12235300242900848,0.9903950095176697,0.06440900266170502,0,-0.2076839953660965,0.03790999948978424,-0.9774609804153442,0,0,0.0555570013821125,0,1,0.9988240003585815,-0.047784000635147095,0.008239000104367733,0,0.04818499833345413,0.9591249823570251,-0.2788490056991577,0,0.005421999841928482,0.27891799807548523,0.9603000283241272,0,0,0.00011999999696854502,0,1,1,0,0,0,0,1,0,0,0,0,1,0,0,0.00018000000272877514,0,1,-0.2143629938364029,0.09129200130701065,0.9724779725074768,0,-0.950892984867096,0.20808300375938416,-0.22913900017738342,0,-0.22327500581741333,-0.9738420248031616,0.04220400005578995,0,-0.02970699965953827,0.04021700099110603,-0.00005400000009103678,1,0.9038940072059631,0.3171919882297516,-0.28699201345443726,0,-0.24907200038433075,0.9357320070266724,0.2497369945049286,0,0.34776198863983154,-0.1542550027370453,0.9248059988021851,0,0,0.05949300155043602,0,1,0.8816519975662231,-0.46712300181388855,-0.06698200106620789,0,0.46929800510406494,0.8827990293502808,0.020622000098228455,0,0.04949900135397911,-0.049616001546382904,0.9975410103797913,0,0,0.13920700550079346,0,1,0.994683027267456,-0.09816999733448029,0.031106000766158104,0,0.09706799685955048,0.7929059863090515,-0.6015629768371582,0,0.034391000866889954,0.6013839840888977,0.7982199788093567,0,0,0.10314899682998657,0,1,-0.9674100279808044,-0.038460999727249146,0.25027701258659363,0,-0.01907699927687645,0.9966580271720886,0.07942400127649307,0,-0.25249600410461426,0.07206100225448608,-0.9649109840393066,0,0,0.04397499933838844,0,1,0.4759669899940491,-0.8455939888954163,-0.2417140007019043,0,0.7135779857635498,0.2106660008430481,0.6681510210037231,0,-0.5140640139579773,-0.49050000309944153,0.7036679983139038,0,0,0.006318999920040369,0,1,-0.09022600203752518,0.9166529774665833,-0.389367014169693,0,0.28303098678588867,-0.35124099254608154,-0.8924810290336609,0,-0.9548569917678833,-0.19072799384593964,-0.2277500033378601,0,-0.008437000215053558,0.0008670000243000686,-0.008456000126898289,1,-0.936424970626831,0.0044570001773536205,0.3508400022983551,0,0.33860599994659424,-0.25055599212646484,0.9069550037384033,0,0.09194699674844742,0.9680920243263245,0.2331179976463318,0,0.03106899932026863,-0.015747999772429466,0.0008009999874047935,1,0.9999459981918335,0.006273000035434961,0.008340000174939632,0,0.010424000211060047,-0.5614290237426758,-0.8274589776992798,0,-0.0005080000264570117,0.8275009989738464,-0.5614640116691589,0,0,0.18670399487018585,0,1,0.9867810010910034,-0.15393300354480743,0.05067100003361702,0,0.056866999715566635,0.6216930150985718,0.7811939716339111,0,-0.1517529934644699,-0.767985999584198,0.6222289800643921,0,0,0.1868789941072464,0,1,0.9997940063476562,0.0014949999749660492,-0.020230000838637352,0,0.011858000420033932,0.766090989112854,0.6426230072975159,0,0.01645899936556816,-0.6427299976348877,0.7659159898757935,0,0,0.07976700365543365,0,1,-0.9009150266647339,0.04084999859333038,-0.43206900358200073,0,-0.4279730021953583,-0.24889400601387024,0.8688439726829529,0,-0.07204700261354446,0.9676690101623535,0.24171599745750427,0,-0.03106899932026863,-0.015747999772429466,0.0003760000108741224,1,0.967303991317749,0.1783750057220459,-0.18028999865055084,0,-0.017378000542521477,-0.662585973739624,-0.7487840056419373,0,-0.2530219852924347,0.7274360060691833,-0.6378219723701477,0,0,0.18669499456882477,0,1,0.9662539958953857,0.2318429946899414,-0.11225800216197968,0,-0.18193699419498444,0.9227579832077026,0.3397290110588074,0,0.1823509931564331,-0.3078410029411316,0.9337999820709229,0,0,0.18685199320316315,0,1,0.9996230006217957,0.002988999942317605,0.02728400006890297,0,-0.018438000231981277,0.8094670176506042,0.5868759751319885,0,-0.02033100090920925,-0.5871580243110657,0.8092169761657715,0,0,0.07939399778842926,0,1
K0.033,0.7295569777488708,0.006529004313051701,0.6838880181312561,0,0.04792298376560211,0.9970089793205261,-0.06064099073410034,0,-0.682237982749939,0.0770149827003479,0.7270619869232178,0,0.00282500172033906,0.3879460096359253,-0.003066999139264226,1,0.9979730248451233,-0.06298099458217621,-0.009154004976153374,0,0.06346999853849411,0.97434002161026,0.2159470021724701,0,-0.004681993741542101,-0.21608999371528625,0.9763619899749756,0,0,0.028317999094724655,-0.001142999972216785,1,0.9926289916038513,-0.11535801738500595,-0.037150006741285324,0,0.11864201724529266,0.8623989820480347,0.49213099479675293,0,-0.02473299950361252,-0.4929110109806061,0.8697280287742615,0,0,0.03306400030851364,0,1,0.9926289916038513,-0.11535801738500595,-0.037150006741285324,0,0.11864201724529266,0.8623989820480347,0.49213099479675293,0,-0.02473299950361252,-0.4929110109806061,0.8697280287742615,0,0,0.03778799995779991,0,1,0.9913399815559387,-0.1020769327878952,-0.08261796832084656,0,0.10749593377113342,0.9921410083770752,0.06404200941324234,0,0.0754309743642807,-0.07236800342798233,0.9945210218429565,0,0,0.042511001229286194,0,1,0.9915300011634827,0.028544966131448746,-0.12669900059700012,0,-0.023654967546463013,0.9989219903945923,0.03993998467922211,0,0.127702996134758,-0.03660499304533005,0.9911370277404785,0,0,0.011487999930977821,0.0007229999755509198,1,-0.02168899215757847,-0.07129000127315521,-0.997219979763031,0,0.9776719808578491,0.20701700448989868,-0.036063991487026215,0,0.20901300013065338,-0.9757360219955444,0.06520800292491913,0,0.02970699965953827,0.04022099822759628,-0.00013099999341648072,1,0.8929359912872314,-0.22665196657180786,0.38896501064300537,0,0.17422392964363098,0.9706720113754272,0.16565406322479248,0,-0.4151040017604828,-0.08015108108520508,0.906237006187439,0,0,0.05949300155043602,0,1,0.9362190365791321,0.29746487736701965,0.18710298836231232,0,-0.32084786891937256,0.9407440423965454,0.10980802029371262,0,-0.14335200190544128,-0.1628360003232956,0.9761840105056763,0,0,0.13920100033283234,0,1,0.9581789970397949,0.28035497665405273,0.057397980242967606,0,-0.19670099020004272,0.7909060120582581,-0.5794630646705627,0,-0.20785097777843475,0.5439390540122986,0.8129749894142151,0,0,0.10313799977302551,0,1,-0.9705470204353333,-0.13276800513267517,0.20102599263191223,0,-0.1222120001912117,0.9904320240020752,0.06409499794244766,0,-0.20761199295520782,0.03763900324702263,-0.9774870276451111,0,0,0.0555570013821125,0,1,0.9988380074501038,-0.047506995499134064,0.008162998594343662,0,0.04790199548006058,0.9593690037727356,-0.2780599594116211,0,0.0053789992816746235,0.2781279683113098,0.9605290293693542,0,0,0.00011999999696854502,0,1,1,0,0,0,0,1,0,0,0,0,1,0,0,0.00018000000272877514,0,1,-0.21424600481987,0.09158800542354584,0.9724760055541992,0,-0.9507259726524353,0.20886100828647614,-0.22912399470806122,0,-0.22409702837467194,-0.9736469984054565,0.04232800379395485,0,-0.02970699965953827,0.04021700099110603,-0.00005400000009103678,1,0.9035760164260864,0.3176499903202057,-0.28748801350593567,0,-0.2514440417289734,0.9364920258522034,0.24445593357086182,0,0.3468810021877289,-0.14859692752361298,0.9260630011558533,0,0,0.05949300155043602,0,1,0.8801620006561279,-0.4698770344257355,-0.06730800867080688,0,0.4720490276813507,0.8813419938087463,0.020171990618109703,0,0.04984300956130028,-0.04952699691057205,0.9975280165672302,0,0,0.13920700550079346,0,1,0.9949139952659607,-0.10058003664016724,0.005443362984806299,0,0.0841076597571373,0.799807071685791,-0.5943349599838257,0,0.0554245300590992,0.5917698740959167,0.8041989803314209,0,0,0.10314899682998657,0,1,-0.9673659801483154,-0.039233021438121796,0.2503269910812378,0,-0.01876499317586422,0.9963200092315674,0.08363211154937744,0,-0.252687007188797,0.07620511204004288,-0.9645419716835022,0,0,0.04397499933838844,0,1,0.47579699754714966,-0.8460279703140259,-0.24052797257900238,0,0.7136710286140442,0.21150700747966766,0.6677860021591187,0,-0.5140929818153381,-0.48938897252082825,0.7044199705123901,0,0,0.006318999920040369,0,1,-0.09022700041532516,0.9166529774665833,-0.389367014169693,0,0.28303098678588867,-0.35124099254608154,-0.8924810290336609,0,-0.9548569917678833,-0.19072900712490082,-0.2277500033378601,0,-0.008437000215053558,0.0008670000243000686,-0.008456000126898289,1,-0.9367030262947083,0.010006086900830269,0.34998300671577454,0,0.3365989625453949,-0.2494259923696518,0.9080129861831665,0,0.0963800698518753,0.9683420062065125,0.23026995360851288,0,0.03106899932026863,-0.015747999772429466,0.0008009999874047935,1,0.9998970031738281,0.014151066541671753,0.002424944657832384,0,0.009953991509974003,-0.5614920258522034,-0.8274229764938354,0,-0.010348085314035416,0.827360987663269,-0.5615749955177307,0,0,0.18670399487018585,0,1,0.9876030087471008,-0.14830295741558075,0.05144601687788963,0,0.05304096266627312,0.6237380504608154,0.7798309326171875,0,-0.147739976644516,-0.7674349546432495,0.6238720417022705,0,0,0.1868789941072464,0,1,0.9997940063476562,0.0014939999673515558,-0.020232999697327614,0,0.011859999969601631,0.7661110162734985,0.6425989866256714,0,0.016460999846458435,-0.6427069902420044,0.7659350037574768,0,0,0.07976700365543365,0,1,-0.9004430174827576,0.04338204860687256,-0.43280503153800964,0,-0.4285460412502289,-0.2589050829410553,0.8656309247016907,0,-0.07450299710035324,0.9649279713630676,0.2517201006412506,0,-0.03106899932026863,-0.015747999772429466,0.0003760000108741224,1,0.9720340371131897,0.16602091491222382,-0.16609589755535126,0,-0.017471011728048325,-0.6541828513145447,-0.756134033203125,0,-0.23419086635112762,0.7378901243209839,-0.6329869627952576,0,0,0.18669499456882477,0,1,0.9731260538101196,0.20590771734714508,-0.1030949056148529,0,-0.15891574323177338,0.9245060086250305,0.3464580476284027,0,0.16664981842041016,-0.32076412439346313,0.9323830008506775,0,0,0.18685199320316315,0,1,0.9996240139007568,0.002968999557197094,0.027257999405264854,0,-0.0184129998087883,0.8092830181121826,0.5871300101280212,0,-0.020315999165177345,-0.5874109864234924,0.809033989906311,0,0,0.07939399778842926,0,1
K0.067,0.7295799851417542,0.006960995960980654,0.6838610172271729,0,0.046607013791799545,0.9971169829368591,-0.05987200886011124,0,-0.6823059916496277,0.07555301487445831,0.7271519899368286,0,0.002977998461574316,0.3880999982357025,-0.0029660009313374758,1,0.997996985912323,-0.06252600997686386,-0.009661995805799961,0,0.06313599646091461,0.9743350148200989,0.21606799960136414,0,-0.004095006268471479,-0.21624499559402466,0.9763309955596924,0,0,0.028317999094724655,-0.001142999972216785,1,0.9924589991569519,-0.11659898608922958,-0.03781699389219284,0,0.12004198879003525,0.8620790243148804,0.4923520088195801,0,-0.024806000292301178,-0.49317899346351624,0.8695740103721619,0,0,0.03306400030851364,0,1,0.9924589991569519,-0.11659898608922958,-0.03781699389219284,0,0.12004198879003525,0.8620780110359192,0.4923520088195801,0,-0.024806000292301178,-0.49317899346351624,0.8695740103721619,0,0,0.03778799995779991,0,1,0.992218017578125,-0.09571205824613571,-0.07963602989912033,0,0.10095706582069397,0.9927870035171509,0.06466099619865417,0,0.07287301868200302,-0.07219699770212173,0.9947249889373779,0,0,0.042511001229286194,0,1,0.9916390180587769,0.02516503445804119,-0.1265619993209839,0,-0.02042403258383274,0.9990450143814087,0.03861601650714874,0,0.12741300463676453,-0.03570900857448578,0.9912070035934448,0,0,0.011487999930977821,0.0007229999755509198,1,-0.020867006853222847,-0.07102400064468384,-0.9972559809684753,0,0.9776970148086548,0.20704799890518188,-0.03520400822162628,0,0.208979994058609,-0.9757490158081055,0.06511899828910828,0,0.02970699965953827,0.04022099822759628,-0.00013099999341648072,1,0.8936049938201904,-0.22329802811145782,0.38936901092529297,0,0.1675170660018921,0.9707069993019104,0.1722349375486374,0,-0.4164229929447174,-0.08868391811847687,0.9048349857330322,0,0,0.05949300155043602,0,1,0.9401829242706299,0.2858361303806305,0.18534602224826813,0,-0.30923911929130554,0.9443269371986389,0.11232598125934601,0,-0.14292100071907043,-0.16292400658130646,0.9762319922447205,0,0,0.13920100033283234,0,1,0.9589080214500427,0.27821603417396545,0.05559801682829857,0,-0.1949630081653595,0.7885270118713379,-0.5832799673080444,0,-0.20611801743507385,0.5484719276428223,0.8103659749031067,0,0,0.10313799977302551,0,1,-0.9705970287322998,-0.1325400024652481,0.20093199610710144,0,-0.1219329982995987,0.9904509782791138,0.06433100253343582,0,-0.20754000544548035,0.03793899714946747,-0.977491021156311,0,0,0.0555570013821125,0,1,0.9988639950752258,-0.0469760037958622,0.008020001463592052,0,0.04736100509762764,0.9598320126533508,-0.27654802799224854,0,0.00529300095513463,0.2766140401363373,0.9609670042991638,0,0,0.00011999999696854502,0,1,1,0,0,0,0,1,0,0,0,0,1,0,0,0.00018000000272877514,0,1,-0.21390999853610992,0.09243099391460419,0.9724709987640381,0,-0.9502459764480591,0.2110769897699356,-0.22908300161361694,0,-0.22644096612930298,-0.9730889797210693,0.042680997401475906,0,-0.02970699965953827,0.04021700099110603,-0.00005400000009103678,1,0.9026910066604614,0.31894999742507935,-0.28882500529289246,0,-0.2548099756240845,0.9371219873428345,0.23848505318164825,0,0.34672901034355164,-0.14168307185173035,0.9272029995918274,0,0,0.05949300155043602,0,1,0.8785380125045776,-0.47279196977615356,-0.06811299175024033,0,0.47496297955513,0.8797940015792847,0.019286008551716805,0,0.05080698803067207,-0.049295004457235336,0.9974910020828247,0,0,0.13920700550079346,0,1,0.992842972278595,-0.10426796227693558,-0.05822436511516571,0,0.0501493401825428,0.8064939379692078,-0.5891110301017761,0,0.10838247090578079,0.5819751024246216,0.8059520125389099,0,0,0.10314899682998657,0,1,-0.967244029045105,-0.041300978511571884,0.2504670023918152,0,-0.017959007993340492,0.9953370094299316,0.09477289021015167,0,-0.25321298837661743,0.08716988563537598,-0.9634749889373779,0,0,0.04397499933838844,0,1,0.47538700699806213,-0.8470730185508728,-0.2376430332660675,0,0.7138990163803101,0.2135549783706665,0.666890025138855,0,-0.5141540169715881,-0.48668402433395386,0.706246018409729,0,0,0.006318999920040369,0,1,-0.09022600203752518,0.9166529774665833,-0.389367014169693,0,0.28303098678588867,-0.35124099254608154,-0.8924810290336609,0,-0.9548569917678833,-0.19072900712490082,-0.2277500033378601,0,-0.008437000215053558,0.0008670000243000686,-0.008456000126898289,1,-0.9370059967041016,0.01868191361427307,0.3488140106201172,0,0.3336940407752991,-0.24740101397037506,0.909637987613678,0,0.10329093039035797,0.968733012676239,0.2255820482969284,0,0.03106899932026863,-0.015747999772429466,0.0008009999874047935,1,0.999779999256134,0.020753934979438782,-0.0031139450147747993,0,0.009115008637309074,-0.5630959868431091,-0.8263409733772278,0,-0.018902914598584175,0.8261309862136841,-0.5631610155105591,0,0,0.18670399487018585,0,1,0.9882410168647766,-0.1432880461215973,0.053372982889413834,0,0.04938703775405884,0.6294639110565186,0.775458037853241,0,-0.14471103250980377,-0.7637040615081787,0.6291389465332031,0,0,0.1868789941072464,0,1,0.9997940063476562,0.0014890000456944108,-0.020239999517798424,0,0.011866999790072441,0.766165018081665,0.6425340175628662,0,0.016464000567793846,-0.6426420211791992,0.7659900188446045,0,0,0.07976700365543365,0,1,-0.8990039825439453,0.04837395250797272,-0.43525996804237366,0,-0.4315139651298523,-0.26747891306877136,0.8615400791168213,0,-0.0747470036149025,0.962348997592926,0.2613389194011688,0,-0.03106899932026863,-0.015747999772429466,0.0003760000108741224,1,0.9751819372177124,0.15700209140777588,-0.15611010789871216,0,-0.018520988523960114,-0.6447691321372986,-0.7641529440879822,0,-0.22062914073467255,0.7480788826942444,-0.6258590817451477,0,0,0.18669499456882477,0,1,0.9796839356422424,0.17748528718948364,-0.09337309747934341,0,-0.13409624993801117,0.9259359836578369,0.3530729413032532,0,0.1491231769323349,-0.3333788812160492,0.9309250116348267,0,0,0.18685199320316315,0,1,0.9996259808540344,0.002913000527769327,0.027185000479221344,0,-0.01834299974143505,0.8087610006332397,0.5878509879112244,0,-0.020274000242352486,-0.588129997253418,0.8085119724273682,0,0,0.07939399778842926,0,1
K0.100,0.7297719717025757,0.008310999721288681,0.6836400032043457,0,0.044116999953985214,0.9972699880599976,-0.05921800062060356,0,-0.6822649836540222,0.07337599992752075,0.7274129986763,0,0.003126000054180622,0.3882310092449188,-0.002862999914214015,1,0.9979940056800842,-0.06252200156450272,-0.009903999976813793,0,0.0631830021739006,0.9742929935455322,0.2162410020828247,0,-0.003869999898597598,-0.21643300354480743,0.9762899875640869,0,0,0.028317999094724655,-0.001142999972216785,1,0.9922230243682861,-0.11848100274801254,-0.03814699873328209,0,0.12183000147342682,0.8616480231285095,0.49266698956489563,0,-0.025503000244498253,-0.4934830069541931,0.8693820238113403,0,0,0.03306400030851364,0,1,0.9922230243682861,-0.11848100274801254,-0.03814699873328209,0,0.12183000147342682,0.8616480231285095,0.49266600608825684,0,-0.025502000004053116,-0.4934830069541931,0.8693820238113403,0,0,0.03778799995779991,0,1,0.9930459856987,-0.08937700092792511,-0.07662899792194366,0,0.09444999694824219,0.99338299036026,0.0653420016169548,0,0.0702819973230362,-0.07212600111961365,0.9949160218238831,0,0,0.042511001229286194,0,1,0.9917780160903931,0.022119000554084778,-0.1260479986667633,0,-0.017636999487876892,0.999176025390625,0.03656399995088577,0,0.12675300240516663,-0.034040000289678574,0.991349995136261,0,0,0.011487999930977821,0.0007229999755509198,1,-0.019632000476121902,-0.07061599940061569,-0.9973099827766418,0,0.9777179956436157,0.20716600120067596,-0.033914998173713684,0,0.2090039998292923,-0.9757540225982666,0.06497500091791153,0,0.02970699965953827,0.04022099822759628,-0.00013099999341648072,1,0.8945019841194153,-0.2181510031223297,0.39022698998451233,0,0.15867599844932556,0.970956027507782,0.1790730059146881,0,-0.41795799136161804,-0.0982619971036911,0.9031370282173157,0,0,0.05949300155043602,0,1,0.9439259767532349,0.2745780050754547,0.18333199620246887,0,-0.2979699969291687,0.9476370215415955,0.11488000303506851,0,-0.14218899607658386,-0.16306599974632263,0.9763150215148926,0,0,0.13920100033283234,0,1,0.9598259925842285,0.27549800276756287,0.053238000720739365,0,-0.19310800731182098,0.7862150073051453,-0.5870050191879272,0,-0.203575000166893,0.5531430244445801,0.8078309893608093,0,0,0.10313799977302551,0,1,-0.9706259965896606,-0.13258099555969238,0.20076900720596313,0,-0.12164799869060516,0.9903830289840698,0.06590600311756134,0,-0.20757600665092468,0.03954700008034706,-0.9774190187454224,0,0,0.0555570013821125,0,1,0.9988890290260315,-0.046466998755931854,0.00788700021803379,0,0.04684299975633621,0.9602779746055603,-0.27508699893951416,0,0.0052089998498559,0.27515101432800293,0.9613869786262512,0,0,0.00011999999696854502,0,1,1,0,0,0,0,1,0,0,0,0,1,0,0,0.00018000000272877514,0,1,-0.21340900659561157,0.09369000047445297,0.9724599719047546,0,-0.949517011642456,0.21438799798488617,-0.22902999818325043,0,-0.2299409955739975,-0.9722449779510498,0.04320799931883812,0,-0.02970699965953827,0.04021700099110603,-0.00005400000009103678,1,0.9014220237731934,0.32091400027275085,-0.2906070053577423,0,-0.258789986371994,0.9375190138816833,0.23256200551986694,0,0.3470819890499115,-0.13443000614643097,0.9281499981880188,0,0,0.05949300155043602,0,1,0.8775269985198975,-0.47450000047683716,-0.0692489966750145,0,0.4766730070114136,0.8788930177688599,0.018177000805735588,0,0.05223799869418144,-0.04896099865436554,0.9974340200424194,0,0,0.13920700550079346,0,1,0.9841219782829285,-0.10884600132703781,-0.14020399749279022,0,0.006841002032160759,0.8125730156898499,-0.5828189849853516,0,0.17736299335956573,0.5726060271263123,0.8004159927368164,0,0,0.10314899682998657,0,1,-0.9670659899711609,-0.044270001351833344,0.25064799189567566,0,-0.016821999102830887,0.9937220215797424,0.11060900241136551,0,-0.25397101044654846,0.10274899750947952,-0.9617390036582947,0,0,0.04397499933838844,0,1,0.4748469889163971,-0.8484470248222351,-0.23379099369049072,0,0.7142069935798645,0.2162889987230301,0.6656780242919922,0,-0.5142260193824768,-0.4830709993839264,0.7086700201034546,0,0,0.006318999920040369,0,1,-0.09022600203752518,0.9166529774665833,-0.389367014169693,0,0.28303098678588867,-0.35124099254608154,-0.8924810290336609,0,-0.9548569917678833,-0.19072799384593964,-0.2277500033378601,0,-0.008437000215053558,0.0008670000243000686,-0.008456000126898289,1,-0.9372469782829285,0.029229000210762024,0.3474389910697937,0,0.33029499650001526,-0.2447649985551834,0.9115899801254272,0,0.11168599873781204,0.9691420197486877,0.2197510004043579,0,0.03106899932026863,-0.015747999772429466,0.0008009999874047935,1,0.9996269941329956,0.026050999760627747,-0.00814600009471178,0,0.008030000142753124,-0.5659229755401611,-0.8244190216064453,0,-0.026086999103426933,0.8240460157394409,-0.5659220218658447,0,0,0.18670399487018585,0,1,0.9886929988861084,-0.13938699662685394,0.05528799816966057,0,0.04697800055146217,0.6380699872970581,0.7685440182685852,0,-0.1424030065536499,-0.7572569847106934,0.6374040246009827,0,0,0.1868789941072464,0,1,0.9997940063476562,0.0014809999847784638,-0.020251000300049782,0,0.011877000331878662,0.7662479877471924,0.6424360275268555,0,0.016468999907374382,-0.6425439715385437,0.7660719752311707,0,0,0.07976700365543365,0,1,-0.8968170285224915,0.05484500154852867,-0.43898800015449524,0,-0.4363099932670593,-0.2737489938735962,0.8571439981460571,0,-0.07316199690103531,0.9602360129356384,0.269432008266449,0,-0.03106899932026863,-0.015747999772429466,0.0003760000108741224,1,0.9771909713745117,0.15059100091457367,-0.1497340053319931,0,-0.020316999405622482,-0.6355550289154053,-0.7717880010604858,0,-0.21138900518417358,0.7572259902954102,-0.6179990172386169,0,0,0.18669499456882477,0,1,0.9855219721794128,0.1475609987974167,-0.08350399881601334,0,-0.10827499628067017,0.926734983921051,0.35977599024772644,0,0.1304749995470047,-0.34552499651908875,0.929295003414154,0,0,0.18685199320316315,0,1,0.999629020690918,0.002828999888151884,0.027076000347733498,0,-0.018238000571727753,0.8079800009727478,0.5889269709587097,0,-0.020210999995470047,-0.5892030000686646,0.8077319860458374,0,0,0.07939399778842926,0,1
K0.133,0.7301089763641357,0.010435028001666069,0.6832510232925415,0,0.04071695730090141,0.9974420070648193,-0.05874299630522728,0,-0.6821159720420837,0.07070896774530411,0.7278169989585876,0,0.003255001036450267,0.3883270025253296,-0.0027729992289096117,1,0.9979680180549622,-0.0629580095410347,-0.009834995493292809,0,0.06359300762414932,0.9742209911346436,0.21644699573516846,0,-0.004046006128191948,-0.21663300693035126,0.9762449860572815,0,0,0.028317999094724655,-0.001142999972216785,1,0.9919459819793701,-0.12081002444028854,-0.03806199133396149,0,0.12379902601242065,0.8611530065536499,0.4930410087108612,0,-0.02678701840341091,-0.49378201365470886,0.869172990322113,0,0,0.03306400030851364,0,1,0.9919459819793701,-0.12081002444028854,-0.03806199133396149,0,0.12379902601242065,0.8611530065536499,0.4930410087108612,0,-0.02678701840341091,-0.49378201365470886,0.869172990322113,0,0,0.03778799995779991,0,1,0.9937189817428589,-0.08393896371126175,-0.07400398701429367,0,0.0888659656047821,0.9938539862632751,0.06600800901651382,0,0.06800798326730728,-0.07216999679803848,0.9950709939002991,0,0,0.042511001229286194,0,1,0.9919340014457703,0.019854988902807236,-0.12518998980522156,0,-0.015711994841694832,0.9992989897727966,0.03398996964097023,0,0.1257769912481308,-0.031748972833156586,0.9915500283241272,0,0,0.011487999930977821,0.0007229999755509198,1,-0.01810898259282112,-0.07009999454021454,-0.997376024723053,0,0.9777190089225769,0.2074120044708252,-0.0323299802839756,0,0.20913399755954742,-0.9757390022277832,0.06478200107812881,0,0.02970699965953827,0.04022099822759628,-0.00013099999341648072,1,0.895425021648407,-0.21165592968463898,0.39168304204940796,0,0.14853890240192413,0.9713839888572693,0.18533705174922943,0,-0.41970202326774597,-0.10777508467435837,0.9012410044670105,0,0,0.05949300155043602,0,1,0.9472990036010742,0.2642049193382263,0.1811629831790924,0,-0.2875508964061737,0.9505500197410583,0.11733902245759964,0,-0.14120298624038696,-0.1632480025291443,0.9764279723167419,0,0,0.13920100033283234,0,1,0.960781991481781,0.2726149559020996,0.0507819764316082,0,-0.19151999056339264,0.7847800254821777,-0.5894410014152527,0,-0.20054297149181366,0.5565980076789856,0.8062139749526978,0,0,0.10313799977302551,0,1,-0.9705920219421387,-0.13318701088428497,0.200532004237175,0,-0.12148799747228622,0.9901490211486816,0.0696110650897026,0,-0.20782800018787384,0.04320106282830238,-0.9772109985351562,0,0,0.0555570013821125,0,1,0.998898983001709,-0.04625500366091728,0.007844001054763794,0,0.04663100466132164,0.9604690074920654,-0.2744550108909607,0,0.005161000415682793,0.2745180130004883,0.9615679979324341,0,0,0.00011999999696854502,0,1,1,0,0,0,0,1,0,0,0,0,1,0,0,0.00018000000272877514,0,1,-0.21279799938201904,0.09523501247167587,0.9724439978599548,0,-0.948606014251709,0.2184450477361679,-0.22897399961948395,0,-0.23423203825950623,-0.9711909890174866,0.04385600611567497,0,-0.02970699965953827,0.04021700099110603,-0.00005400000009103678,1,0.8999500274658203,0.323373019695282,-0.29243698716163635,0,-0.26300203800201416,0.9376069903373718,0.22742797434329987,0,0.3477349877357483,-0.12776196002960205,0.9288470149040222,0,0,0.05949300155043602,0,1,0.8778889775276184,-0.4736349284648895,-0.07057501375675201,0,0.4758119285106659,0.879381000995636,0.017069989815354347,0,0.05397702008485794,-0.04856599494814873,0.9973599910736084,0,0,0.13920700550079346,0,1,0.9686768054962158,-0.11393505334854126,-0.22064460813999176,0,-0.034713298082351685,0.8176790475845337,-0.5746279358863831,0,0.24588552117347717,0.5642879605293274,0.7881108522415161,0,0,0.10314899682998657,0,1,-0.9668530225753784,-0.047741036862134933,0.2508319914340973,0,-0.015519986860454082,0.9915369749069214,0.12889719009399414,0,-0.2548620104789734,0.12073118984699249,-0.9594110250473022,0,0,0.04397499933838844,0,1,0.4742850065231323,-0.8498740196228027,-0.22971397638320923,0,0.7145349979400635,0.21918103098869324,0.6643790006637573,0,-0.5142890214920044,-0.4792439639568329,0.7112190127372742,0,0,0.006318999920040369,0,1,-0.09022600203752518,0.9166529774665833,-0.389367014169693,0,0.28303098678588867,-0.35124099254608154,-0.8924810290336609,0,-0.9548569917678833,-0.19072900712490082,-0.2277500033378601,0,-0.008437000215053558,0.0008670000243000686,-0.008456000126898289,1,-0.937379002571106,0.04038310423493385,0.3459630012512207,0,0.3267879784107208,-0.24178196489810944,0.9136469960212708,0,0.12054308503866196,0.9694899916648865,0.21344493329524994,0,0.03106899932026863,-0.015747999772429466,0.0008009999874047935,1,0.9994789958000183,0.02979201450943947,-0.01237802766263485,0,0.006802987307310104,-0.5696760416030884,-0.8218409419059753,0,-0.031536027789115906,0.8213289380073547,-0.5695820450782776,0,0,0.18670399487018585,0,1,0.9889410138130188,-0.1371929943561554,0.05634399875998497,0,0.04672202095389366,0.6487441062927246,0.7595708966255188,0,-0.14076100289821625,-0.7485378980636597,0.6479791402816772,0,0,0.1868789941072464,0,1,0.9997940063476562,0.0014719999162480235,-0.0202649999409914,0,0.011890999972820282,0.7663480043411255,0.6423159837722778,0,0.016475999727845192,-0.6424239873886108,0.7661719918251038,0,0,0.07976700365543365,0,1,-0.8941139578819275,0.06184006854891777,-0.4435490667819977,0,-0.44232606887817383,-0.2768790125846863,0.8530449271202087,0,-0.07005695253610611,0.9589130282402039,0.27491503953933716,0,-0.03106899932026863,-0.015747999772429466,0.0003760000108741224,1,0.9784020185470581,0.14603596925735474,-0.1462949812412262,0,-0.022624026983976364,-0.6278279423713684,-0.7780230641365051,0,-0.20546697080135345,0.7645300626754761,-0.6109639406204224,0,0,0.18669499456882477,0,1,0.9903580546379089,0.11716970056295395,-0.07389990985393524,0,-0.0822797492146492,0.9267110228538513,0.36665505170822144,0,0.11144481599330902,-0.35703912377357483,0.927416980266571,0,0,0.18685199320316315,0,1,0.9996330142021179,0.0027259988710284233,0.026941997930407524,0,-0.018108997493982315,0.8070189952850342,0.5902469754219055,0,-0.02013400010764599,-0.5905190110206604,0.8067730069160461,0,0,0.07939399778842926,0,1
