8.333,30,249,33
B0,mixamorig_Hips,-1,0.993874192237854,-0.0567416213452816,0.09483902901411057,0,0.06343179196119308,0.9955920577049255,-0.0690818801522255,0,-0.09050091356039047,0.07467416673898697,0.9930921792984009,0,-0.00335783907212317,0.43221864104270935,0.0035503136459738016,1
B1,mixamorig_Spine,0,0.9976693987846375,0.05944959074258804,-0.03348386287689209,0,-0.05800636112689972,0.9974095821380615,0.042536504566669464,0,0.03592628240585327,-0.04049484059214592,0.9985337853431702,0,0,0.028565000742673874,-0.000775999971665442,1
B2,mixamorig_Spine1,1,0.999530553817749,0.02939065545797348,-0.008668691851198673,0,-0.029186174273490906,0.9993121027946472,0.022872712463140488,0,0.009334608912467957,-0.02260875515639782,0.9997010231018066,0,0,0.033337999135255814,0,1
B3,mixamorig_Spine2,2,0.9995265603065491,0.029415175318717957,-0.009063691832125187,0,-0.02920621633529663,0.9993211030960083,0.022440193220973015,0,0.00971812941133976,-0.022164236754179,0.999707043170929,0,0,0.03810099884867668,0,1
B4,mixamorig_Neck,3,0.9999785423278809,0.005155313294380903,0.0040307980962097645,0,-0.005648585502058268,0.9909990429878235,0.13375021517276764,0,-0.0033049224875867367,-0.13377021253108978,0.9910070300102234,0,0,0.04286300018429756,0,1
B5,mixamorig_Head,4,0.9998323917388916,-0.004333946853876114,-0.01778534986078739,0,0.0016873071435838938,0.9892515540122986,-0.14621126651763916,0,0.018228119239211082,0.14615722000598907,0.9890934824943542,0,0,0.011475999839603901,0.0006140000186860561,1
B6,mixamorig_HeadTop_End,5,1,0,0,0,0,1,0,0,0,0,1,0,0,0.05498800054192543,0.002942000050097704,1
B7,mixamorig_LeftShoulder,3,0.30003055930137634,0.014581456780433655,-0.9538180828094482,0,0.9533651471138,-0.038965169340372086,0.29929256439208984,0,-0.032801609486341476,-0.9991345405578613,-0.025592604652047157,0,0.029879000037908554,0.04030999913811684,-0.00014899999951012433,1
B8,mixamorig_LeftArm,7,0.937556803226471,0.3477552831172943,-0.0072788819670677185,0,-0.042690128087997437,0.13581174612045288,0.9898144602775574,0,0.3452020287513733,-0.9276965856552124,0.14217683672904968,0,0,0.05936200171709061,0,1
B9,mixamorig_LeftForeArm,8,0.9995141625404358,0.031164729967713356,0.000009999999747378752,0,-0.031164729967713356,0.9995141625404358,0.00005447926378110424,0,-0.000008000007255759556,-0.000054479267419083044,1,0,0,0.13941699266433716,0,1
B10,mixamorig_LeftHand,9,0.8392001390457153,0.03930873051285744,0.5423998236656189,0,-0.08572004735469818,0.9944772124290466,0.060554277151823044,0,-0.5370239019393921,-0.09731180220842361,0.8379352688789368,0,0,0.1031389981508255,0,1
B11,mixamorig_LeftHandIndex1,10,-0.9771410226821899,-0.045545000582933426,0.20765599608421326,0,-0.01815200038254261,0.9910889863967896,0.13196200132369995,0,-0.2118159979581833,0.12517599761486053,-0.9692599773406982,0,0,0.055025000125169754,0,1
B12,mixamorig_LeftHandIndex2,11,0.9993460178375244,-0.035760000348091125,0.005452000070363283,0,0.035760000348091125,0.9539200067520142,-0.2979215085506439,0,0.005452999845147133,0.2979215085506439,0.9545750021934509,0,0,0.00011999999696854502,0,1
B13,mixamorig_LeftHandIndex3,12,0.9998589754104614,-0.016750000417232513,0.0011749999830499291,0,0.016750000417232513,0.9900739789009094,-0.1395460069179535,0,0.0011744792573153973,0.1395460069179535,0.990215003490448,0,0,0.00018000000272877514,0,1
B14,mixamorig_LeftHandIndex4,13,1,0,0,0,0,1,0,0,0,0,1,0,0,0.00018000000272877514,0,1
B15,mixamorig_RightShoulder,3,0.2756197154521942,-0.01602020300924778,0.9611331224441528,0,-0.9582467079162598,-0.0837736576795578,0.273394912481308,0,0.0761379674077034,-0.9963559508323669,-0.038441114127635956,0,-0.029879000037908554,0.0403049997985363,0.000011000000085914508,1
B16,mixamorig_RightArm,15,0.8613601326942444,-0.48787638545036316,0.14154449105262756,0,0.003812472801655531,0.28483453392982483,0.958569347858429,0,-0.5079803466796875,-0.8251338005065918,0.2472054809331894,0,0,0.05936200171709061,0,1
B17,mixamorig_RightForeArm,16,0.9930669069290161,-0.1175488755106926,0.00003099999958067201,0,0.1175488755106926,0.9930669069290161,-0.000767479301430285,0,0.00005900000542169437,0.0007654792862012982,1,0,0,0.13942700624465942,0,1
B18,mixamorig_RightHand,17,0.940739631652832,0.007447272539138794,-0.3390476703643799,0,0.028767429292201996,0.9944025874137878,0.10166241228580475,0,0.3379068970680237,-0.1053910106420517,0.9352598190307617,0,0,0.1031389981508255,0,1
B19,mixamorig_RightHandIndex1,18,-0.9910035133361816,0.008053479716181755,0.13359348475933075,0,0.024027999490499496,0.9926755428314209,0.11839748173952103,0,-0.13166147470474243,0.1205424815416336,-0.9839379787445068,0,0,0.04330499842762947,0,1
B20,mixamorig_RightHandIndex2,19,0.6288470029830933,-0.7686840295791626,-0.11694800108671188,0,0.6863139867782593,0.47807198762893677,0.5481070280075073,0,-0.36541101336479187,-0.42493799328804016,0.8281919956207275,0,0,0.006306999828666449,0,1
B21,mixamorig_RightHandIndex3,20,-0.04024900123476982,0.973393976688385,-0.2255759984254837,0,0.7669669985771179,-0.1146010011434555,-0.6313700079917908,0,-0.6404229998588562,-0.19842100143432617,-0.7419490218162537,0,-0.007464999798685312,0.00380500010214746,-0.0076419999822974205,1
B22,mixamorig_RightHandIndex4,21,1,0,0,0,0,1,0,0,0,0,1,0,0.00010699999984353781,0.00002700000004551839,0.00015999999595806003,1
B23,mixamorig_LeftUpLeg,0,-0.9379602074623108,-0.1705959141254425,0.3018744885921478,0,0.2224733978509903,-0.9638611674308777,0.14655153453350067,0,0.26596394181251526,0.20461881160736084,0.9420161247253418,0,0.02958899922668934,-0.015905000269412994,0.0011709999525919557,1
B24,mixamorig_LeftLeg,23,0.9999181628227234,0.009731336496770382,0.008250615559518337,0,-0.006237508729100227,0.936999499797821,-0.3492748439311981,0,-0.011130090802907944,0.34919458627700806,0.9369831681251526,0,0,0.18768100440502167,0,1
B25,mixamorig_LeftFoot,24,0.9983029365539551,-0.023188069462776184,0.05342133715748787,0,-0.03143749386072159,0.5575978755950928,0.8295159339904785,0,-0.04902217537164688,-0.8297872543334961,0.5559223294258118,0,0,0.18569399416446686,0,1
B26,mixamorig_LeftToeBase,25,0.9996960163116455,0.004926958121359348,-0.024167083203792572,0,0.01307156216353178,0.7250795960426331,0.6885408759117126,0,0.020916040986776352,-0.6886473298072815,0.7247946262359619,0,0,0.07979600131511688,0,1
B27,mixamorig_LeftToe_End,26,1,0,0,0,0,1,0,0,0,0,1,0,0,0.0331760011613369,0,1
B28,mixamorig_RightUpLeg,0,-0.9799103736877441,-0.02646697871387005,-0.1976729929447174,0,0.018945859745144844,-0.999026358127594,0.039846453815698624,0,-0.19853496551513672,0.0353008434176445,0.9794576168060303,0,-0.02958899922668934,-0.015905000269412994,-0.000035000000934815034,1
B29,mixamorig_RightLeg,28,0.9874968528747559,-0.030578715726733208,-0.15464594960212708,0,-0.020954161882400513,0.9468386173248291,-0.321025013923645,0,0.15624167025089264,0.32025155425071716,0.9343594312667847,0,0,0.18794800341129303,0,1
B30,mixamorig_RightFoot,29,0.9965453147888184,-0.03635191544890404,-0.07467015087604523,0,0.08302506804466248,0.45745915174484253,0.8853457570075989,0,0.001974228536710143,-0.8884872198104858,0.4588974714279175,0,0,0.18582400679588318,0,1
B31,mixamorig_RightToeBase,30,0.9997619986534119,-0.006823230534791946,0.020716538652777672,0,-0.010140976868569851,0.6954764723777771,0.7184766530990601,0,-0.019310208037495613,-0.7185161709785461,0.6952424645423889,0,0,0.07930800318717957,0,1
B32,mixamorig_RightToe_End,31,1,0,0,0,0,1,0,0,0,0,1,0,0,0.03319299966096878,0,1
@28,0,1,2,3,4,5,7,8,9,10,11,12,13,15,16,17,18,19,20,21,23,24,25,26,28,29,30,31
K0.000,0.9933410286903381,-0.06517200171947479,0.09500999748706818,0,0.07093200087547302,0.9957600235939026,-0.05856499820947647,0,-0.0907910019159317,0.0649150013923645,0.9937520027160645,0,-0.0005920000257901847,0.43260401487350464,-0.000750000006519258,1,0.9982089996337891,0.05481699854135513,-0.023941000923514366,0,-0.05405599996447563,0.9980459809303284,0.03133799880743027,0,0.0256120003759861,-0.0299880001693964,0.9992219805717468,0,0,0.028565000742673874,-0.000775999971665442,1,0.9996150135993958,0.027348000556230545,-0.004635999910533428,0,-0.02724899910390377,0.9994239807128906,0.020245999097824097,0,0.005187000147998333,-0.02011200040578842,0.999783992767334,0,0,0.033337999135255814,0,1,0.9996110200881958,0.027417000383138657,-0.005030000116676092,0,-0.027312999591231346,0.9994310140609741,0.019805999472737312,0,0.005570999812334776,-0.01966099999845028,0.9997910261154175,0,0,0.03810099884867668,0,1,0.9999679923057556,0.007701000198721886,0.0023590000346302986,0,-0.007935999892652035,0.9921240210533142,0.12501099705696106,0,-0.0013780000153928995,-0.12502500414848328,0.992152988910675,0,0,0.04286300018429756,0,1,0.9997109770774841,-0.0045540002174675465,-0.023615000769495964,0,0.0014059999957680702,0.9912949800491333,-0.1316560059785843,0,0.02400900050997734,0.13158400356769562,0.9910140037536621,0,0,0.011475999839603901,0.0006140000186860561,1,0.2965399920940399,0.015869999304413795,-0.9548889994621277,0,0.9546409845352173,-0.03311000019311905,0.2959119975566864,0,-0.026920000091195107,-0.9993259906768799,-0.024968000128865242,0,0.029879000037908554,0.04030999913811684,-0.00014899999951012433,1,0.9369760155677795,0.34868699312210083,-0.022214999422430992,0,-0.026902999728918076,0.13539299368858337,0.9904270172119141,0,0.3483569920063019,-0.92740797996521,0.13624000549316406,0,0,0.05936200171709061,0,1,0.999675989151001,0.025467999279499054,0.000009999999747378752,0,-0.025467999279499054,0.999675989151001,0.00004400000034365803,0,-0.000009000000318337698,-0.00004400000034365803,1,0,0,0.13941699266433716,0,1,0.8429970145225525,0.0249790009111166,0.5373380184173584,0,-0.07872699946165085,0.9938939809799194,0.07730700075626373,0,-0.5321270227432251,-0.10747300088405609,0.8398159742355347,0,0,0.1031389981508255,0,1,-0.9771410226821899,-0.045545000582933426,0.20765599608421326,0,-0.01815200038254261,0.9910889863967896,0.13196200132369995,0,-0.2118159979581833,0.12517599761486053,-0.9692599773406982,0,0,0.055025000125169754,0,1,0.9993460178375244,-0.035760000348091125,0.005452000070363283,0,0.035760000348091125,0.9539200067520142,-0.29792100191116333,0,0.005452999845147133,0.29792100191116333,0.9545750021934509,0,0,0.00011999999696854502,0,1,0.9998589754104614,-0.016750000417232513,0.0011749999830499291,0,0.016750000417232513,0.9900739789009094,-0.1395460069179535,0,0.0011739999754354358,0.1395460069179535,0.990215003490448,0,0,0.00018000000272877514,0,1,0.2654919922351837,-0.019067000597715378,0.9639250040054321,0,-0.9618269801139832,-0.07405400276184082,0.2634490132331848,0,0.06635899841785431,-0.9970719814300537,-0.03799999877810478,0,-0.029879000037908554,0.0403049997985363,0.000011000000085914508,1,0.8580080270767212,-0.49603500962257385,0.13331300020217896,0,0.011846999637782574,0.27858999371528625,0.9603369832038879,0,-0.5134999752044678,-0.822396993637085,0.24490900337696075,0,0,0.05936200171709061,0,1,0.993183970451355,-0.11655999720096588,0.00003099999958067201,0,0.11655999720096588,0.9931830167770386,-0.0007609999738633633,0,0.000058000001445179805,0.0007590000168420374,1,0,0,0.13942700624465942,0,1,0.9427319765090942,0.00674699991941452,-0.3334839940071106,0,0.03311999887228012,0.9929609894752502,0.11371699720621109,0,0.33190301060676575,-0.11824999749660492,0.9358720183372498,0,0,0.1031389981508255,0,1,-0.9910039901733398,0.008053000085055828,0.13359299302101135,0,0.024027999490499496,0.9926760196685791,0.11839699745178223,0,-0.13166099786758423,0.1205419972538948,-0.9839379787445068,0,0,0.04330499842762947,0,1,0.6288470029830933,-0.7686840295791626,-0.11694800108671188,0,0.6863129734992981,0.47807198762893677,0.5481070280075073,0,-0.36541101336479187,-0.42493799328804016,0.8281919956207275,0,0,0.006306999828666449,0,1,-0.04024900123476982,0.973393976688385,-0.2255759984254837,0,0.7669669985771179,-0.1146010011434555,-0.6313700079917908,0,-0.6404229998588562,-0.19842199981212616,-0.7419490218162537,0,-0.007464999798685312,0.00380500010214746,-0.0076419999822974205,1,-0.9409019947052002,-0.16779300570487976,0.29419299960136414,0,0.2229669988155365,-0.960735023021698,0.16514800488948822,0,0.2549310028553009,0.22098299860954285,0.9413689970970154,0,0.02958899922668934,-0.015905000269412994,0.0011709999525919557,1,0.9997329711914062,0.012237000279128551,0.019585000351071358,0,-0.004774999804794788,0.9392639994621277,-0.3431609869003296,0,-0.02259499952197075,0.34297600388526917,0.9390720129013062,0,0,0.18768100440502167,0,1,0.9984310269355774,-0.018703000620007515,0.05278199911117554,0,-0.03296799957752228,0.5655879974365234,0.8240290284156799,0,-0.04526500031352043,-0.8244760036468506,0.564083993434906,0,0,0.18569399416446686,0,1,0.9996950030326843,0.004902999848127365,-0.02420799992978573,0,0.01310800015926361,0.7253869771957397,0.6882169842720032,0,0.020935000851750374,-0.688323974609375,0.7251009941101074,0,0,0.07979600131511688,0,1,-0.9805240035057068,-0.03292499855160713,-0.19361700117588043,0,0.022677000612020493,-0.99823397397995,0.05490799993276596,0,-0.19508300721645355,0.04944799840450287,0.9795389771461487,0,-0.02958899922668934,-0.015905000269412994,-0.000035000000934815034,1,0.9875940084457397,-0.02629699930548668,-0.1548130065202713,0,-0.022670000791549683,0.9516749978065491,-0.3062700033187866,0,0.15538600087165833,0.30597999691963196,0.9392719864845276,0,0,0.18794800341129303,0,1,0.9961199760437012,-0.03818900138139725,-0.07928600162267685,0,0.0878940001130104,0.4766339957714081,0.8746970295906067,0,0.004387000110000372,-0.8782719969749451,0.47814100980758667,0,0,0.18582400679588318,0,1,0.999767005443573,-0.006988999899476767,0.020402999594807625,0,-0.009864999912679195,0.6930729746818542,0.72079998254776,0,-0.019178999587893486,-0.7208330035209656,0.6928430199623108,0,0,0.07930800318717957,0,1
K0.033,0.9933410286903381,-0.06522200256586075,0.09497299790382385,0,0.07095199823379517,0.9957770109176636,-0.058254994451999664,0,-0.09077300131320953,0.06460600346326828,0.9937739968299866,0,-0.0005879999371245503,0.4326089918613434,-0.0007459997432306409,1,0.9982119798660278,0.05479799956083298,-0.02386299893260002,0,-0.054040998220443726,0.9980490207672119,0.03127700090408325,0,0.025529997423291206,-0.029931997880339622,0.9992259740829468,0,0,0.028565000742673874,-0.000775999971665442,1,0.9996160268783569,0.027334999293088913,-0.004602998960763216,0,-0.027236999943852425,0.9994239807128906,0.020225999876856804,0,0.005152998957782984,-0.020092999562621117,0.9997850060462952,0,0,0.033337999135255814,0,1,0.9996119737625122,0.02740499936044216,-0.00499699916690588,0,-0.02730100043118,0.9994310140609741,0.01978600025177002,0,0.005536999087780714,-0.019641999155282974,0.9997919797897339,0,0,0.03810099884867668,0,1,0.9999669790267944,0.007718000560998917,0.002357000019401312,0,-0.007952000014483929,0.992123007774353,0.12501800060272217,0,-0.0013729998609051108,-0.1250319927930832,0.9921519756317139,0,0,0.04286300018429756,0,1,0.9997109770774841,-0.004584000911563635,-0.023612000048160553,0,0.0014370008138939738,0.9912999868392944,-0.13161000609397888,0,0.024010000750422478,0.1315380036830902,0.9910200238227844,0,0,0.011475999839603901,0.0006140000186860561,1,0.29661598801612854,0.015869999304413795,-0.9548649787902832,0,0.9546200037002563,-0.032993994653224945,0.295991986989975,0,-0.02680799551308155,-0.9993299841880798,-0.024935999885201454,0,0.029879000037908554,0.04030999913811684,-0.00014899999951012433,1,0.9369189739227295,0.34883299469947815,-0.02234000340104103,0,-0.026764996349811554,0.13531799614429474,0.9904410243034363,0,0.34852099418640137,-0.9273639917373657,0.13611799478530884,0,0,0.05936200171709061,0,1,0.9996770024299622,0.025418998673558235,0.000009999999747378752,0,-0.025418998673558235,0.9996770024299622,0.00004400000034365803,0,-0.000009000000318337698,-0.00004400000034365803,1,0,0,0.13941699266433716,0,1,0.8430240154266357,0.024876998737454414,0.5372999906539917,0,-0.07863499969244003,0.993897020816803,0.07736200094223022,0,-0.5320960283279419,-0.10746899992227554,0.8398360013961792,0,0,0.1031389981508255,0,1,-0.9771410226821899,-0.045545000582933426,0.20765599608421326,0,-0.01815200038254261,0.9910889863967896,0.13196100294589996,0,-0.2118159979581833,0.12517499923706055,-0.9692599773406982,0,0,0.055025000125169754,0,1,0.9993460178375244,-0.035760000348091125,0.005452000070363283,0,0.035760000348091125,0.9539200067520142,-0.29792100191116333,0,0.005452999845147133,0.29792100191116333,0.9545750021934509,0,0,0.00011999999696854502,0,1,0.9998589754104614,-0.016750000417232513,0.0011749999830499291,0,0.016750000417232513,0.9900739789009094,-0.1395460069179535,0,0.0011749999830499291,0.1395460069179535,0.990215003490448,0,0,0.00018000000272877514,0,1,0.26556000113487244,-0.01907300017774105,0.9639059901237488,0,-0.9618200063705444,-0.07387599349021912,0.26352399587631226,0,0.06618399173021317,-0.9970849752426147,-0.03796299919486046,0,-0.029879000037908554,0.0403049997985363,0.000011000000085914508,1,0.8579760193824768,-0.49607300758361816,0.13337300717830658,0,0.011838999576866627,0.2786650061607361,0.9603149890899658,0,-0.5135530233383179,-0.8223490118980408,0.2449609935283661,0,0,0.05936200171709061,0,1,0.9931920170783997,-0.11649200320243835,0.00003099998866673559,0,0.11649200320243835,0.9931910037994385,-0.0007600000244565308,0,0.000058000001445179805,0.0007590000168420374,1,0,0,0.13942700624465942,0,1,0.9427800178527832,0.006760000251233578,-0.33334699273109436,0,0.03310500085353851,0.9929559826850891,0.1137629970908165,0,0.3317680060863495,-0.11828900128602982,0.9359149932861328,0,0,0.1031389981508255,0,1,-0.9910029768943787,0.008054000325500965,0.13359400629997253,0,0.024027999490499496,0.9926750063896179,0.11839800328016281,0,-0.13166199624538422,0.12054300308227539,-0.9839379787445068,0,0,0.04330499842762947,0,1,0.6288470029830933,-0.7686840295791626,-0.11694800108671188,0,0.6863129734992981,0.47807198762893677,0.5481070280075073,0,-0.36541101336479187,-0.42493799328804016,0.8281919956207275,0,0,0.006306999828666449,0,1,-0.04024900123476982,0.973393976688385,-0.2255759984254837,0,0.7669680118560791,-0.1146010011434555,-0.6313689947128296,0,-0.640421986579895,-0.19842199981212616,-0.7419490218162537,0,-0.007464999798685312,0.00380500010214746,-0.0076419999822974205,1,-0.9409580230712891,-0.1677509993314743,0.29403600096702576,0,0.22297599911689758,-0.9606760144233704,0.16547800600528717,0,0.2547140121459961,0.22127099335193634,0.9413610100746155,0,0.02958899922668934,-0.015905000269412994,0.0011709999525919557,1,0.9997310042381287,0.012268999591469765,0.019665000960230827,0,-0.004776999354362488,0.9392619729042053,-0.3431690037250519,0,-0.02268100157380104,0.3429830074310303,0.9390680193901062,0,0,0.18768100440502167,0,1,0.9984310269355774,-0.01870499923825264,0.05277799814939499,0,-0.032958000898361206,0.5656669735908508,0.8239750266075134,0,-0.045267000794410706,-0.8244220018386841,0.5641630291938782,0,0,0.18569399416446686,0,1,0.9996950030326843,0.004908000119030476,-0.02420100010931492,0,0.013101000338792801,0.7253320217132568,0.6882749795913696,0,0.020930999889969826,-0.6883820295333862,0.7250459790229797,0,0,0.07979600131511688,0,1,-0.9805330038070679,-0.03302599862217903,-0.19355499744415283,0,0.022745002061128616,-0.9982219934463501,0.05510399863123894,0,-0.19503000378608704,0.04962899908423424,0.979541003704071,0,-0.02958899922668934,-0.015905000269412994,-0.000035000000934815034,1,0.9875950217247009,-0.02625799924135208,-0.15480999648571014,0,-0.022670000791549683,0.9517449736595154,-0.30605098605155945,0,0.15537600219249725,0.30576398968696594,0.9393439888954163,0,0,0.18794800341129303,0,1,0.9961159825325012,-0.03819600120186806,-0.07933200150728226,0,0.08793800324201584,0.47673499584198,0.8746370077133179,0,0.004412999842315912,-0.8782169818878174,0.47824200987815857,0,0,0.18582400679588318,0,1,0.999767005443573,-0.006984000094234943,0.02041199989616871,0,-0.009872999973595142,0.6931390166282654,0.720736026763916,0,-0.019182000309228897,-0.720770001411438,0.6929090023040771,0,0,0.07930800318717957,0,1
K0.067,0.993323028087616,-0.06528399884700775,0.09511300176382065,0,0.07100100070238113,0.9957879781723022,-0.0580110028386116,0,-0.09092500060796738,0.06437700241804123,0.9937750101089478,0,-0.0005820000660605729,0.4326229989528656,-0.0007250002236105502,1,0.9982200264930725,0.05475199967622757,-0.02364800125360489,0,-0.054005999118089676,0.9980559945106506,0.031115001067519188,0,0.02530600130558014,-0.02978300116956234,0.999235987663269,0,0,0.028565000742673874,-0.000775999971665442,1,0.9996169805526733,0.027302000671625137,-0.004515001084655523,0,-0.027205999940633774,0.999426007270813,0.020174000412225723,0,0.005063001066446304,-0.020044000819325447,0.9997860193252563,0,0,0.033337999135255814,0,1,0.9996129870414734,0.027372999116778374,-0.004910001065582037,0,-0.027271000668406487,0.9994329810142517,0.01973400078713894,0,0.005447000730782747,-0.019592000171542168,0.9997929930686951,0,0,0.03810099884867668,0,1,0.9999669790267944,0.007764999754726887,0.002348999958485365,0,-0.0079969996586442,0.9921200275421143,0.12503400444984436,0,-0.0013600001111626625,-0.12504899501800537,0.9921500086784363,0,0,0.04286300018429756,0,1,0.9997109770774841,-0.0046589989215135574,-0.023603999987244606,0,0.001514999195933342,0.9913139939308167,-0.1315079927444458,0,0.024011999368667603,0.13143399357795715,0.9910339713096619,0,0,0.011475999839603901,0.0006140000186860561,1,0.2968130111694336,0.015869999304413795,-0.954804003238678,0,0.9545680284500122,-0.032690003514289856,0.29619601368904114,0,-0.02651200443506241,-0.9993399977684021,-0.024852000176906586,0,0.029879000037908554,0.04030999913811684,-0.00014899999951012433,1,0.9367690086364746,0.34921199083328247,-0.02267199568450451,0,-0.026399003341794014,0.13512000441551208,0.990477979183197,0,0.34894999861717224,-0.9272500276565552,0.135794997215271,0,0,0.05936200171709061,0,1,0.9996799826622009,0.025289000943303108,0.000009999999747378752,0,-0.025289000943303108,0.9996799826622009,0.00004400000034365803,0,-0.000009000000318337698,-0.00004400000034365803,1,0,0,0.13941699266433716,0,1,0.8430969715118408,0.02460400201380253,0.5371990203857422,0,-0.07839500159025192,0.9939039945602417,0.07751499861478806,0,-0.5320169925689697,-0.10746599733829498,0.8398860096931458,0,0,0.1031389981508255,0,1,-0.9771410226821899,-0.045545000582933426,0.20765599608421326,0,-0.01815200038254261,0.9910889863967896,0.13196100294589996,0,-0.2118159979581833,0.12517499923706055,-0.9692599773406982,0,0,0.055025000125169754,0,1,0.9993460178375244,-0.035760000348091125,0.005452000070363283,0,0.035760000348091125,0.9539200067520142,-0.29792100191116333,0,0.005452000070363283,0.29792100191116333,0.9545750021934509,0,0,0.00011999999696854502,0,1,0.9998589754104614,-0.016750000417232513,0.0011739999754354358,0,0.016750000417232513,0.9900739789009094,-0.1395460069179535,0,0.0011749999830499291,0.1395460069179535,0.990215003490448,0,0,0.00018000000272877514,0,1,0.26572901010513306,-0.019088000059127808,0.9638590216636658,0,-0.9618039727210999,-0.0734190046787262,0.2637079954147339,0,0.06573200970888138,-0.9971190094947815,-0.03786800056695938,0,-0.029879000037908554,0.0403049997985363,0.000011000000085914508,1,0.8578929901123047,-0.49617499113082886,0.1335279941558838,0,0.011824999935925007,0.2788639962673187,0.9602580070495605,0,-0.5136920213699341,-0.8222190141677856,0.24510300159454346,0,0,0.05936200171709061,0,1,0.9932119846343994,-0.1163180023431778,0.000030000008337083273,0,0.1163180023431778,0.9932119846343994,-0.0007600000244565308,0,0.000058000001445179805,0.0007580000092275441,1,0,0,0.13942700624465942,0,1,0.942903995513916,0.006788999307900667,-0.3329960107803345,0,0.03306899964809418,0.9929440021514893,0.11388099938631058,0,0.33142000436782837,-0.1183909997344017,0.9360259771347046,0,0,0.1031389981508255,0,1,-0.9910029768943787,0.008054000325500965,0.13359400629997253,0,0.024027999490499496,0.9926750063896179,0.11839800328016281,0,-0.13166199624538422,0.12054300308227539,-0.9839379787445068,0,0,0.04330499842762947,0,1,0.6288470029830933,-0.7686840295791626,-0.11694800108671188,0,0.6863129734992981,0.47807198762893677,0.5481070280075073,0,-0.36541101336479187,-0.42493799328804016,0.8281919956207275,0,0,0.006306999828666449,0,1,-0.04024900123476982,0.973393976688385,-0.2255759984254837,0,0.7669669985771179,-0.1146010011434555,-0.6313700079917908,0,-0.6404229998588562,-0.19842100143432617,-0.7419490218162537,0,-0.007464999798685312,0.00380500010214746,-0.0076419999822974205,1,-0.9409840106964111,-0.16777800023555756,0.293938010931015,0,0.2230059951543808,-0.9606530070304871,0.16557300090789795,0,0.25459301471710205,0.2213519960641861,0.9413750171661377,0,0.02958899922668934,-0.015905000269412994,0.0011709999525919557,1,0.9997270107269287,0.0123070003464818,0.019877998158335686,0,-0.004742000252008438,0.9393119812011719,-0.34303298592567444,0,-0.022892998531460762,0.34284400939941406,0.9391130208969116,0,0,0.18768100440502167,0,1,0.9984319806098938,-0.018668999895453453,0.05276799947023392,0,-0.032965000718832016,0.5657730102539062,0.8239020109176636,0,-0.045235998928546906,-0.8243499994277954,0.5642709732055664,0,0,0.18569399416446686,0,1,0.9996950030326843,0.0049149999395012856,-0.024188999086618423,0,0.01309099979698658,0.7252399921417236,0.688372015953064,0,0.02092600055038929,-0.6884790062904358,0.7249540090560913,0,0,0.07979600131511688,0,1,-0.9805449843406677,-0.033139001578092575,-0.1934790015220642,0,0.02287299744784832,-0.9982209801673889,0.05505499988794327,0,-0.19495999813079834,0.04955799877643585,0.979557991027832,0,-0.02958899922668934,-0.015905000269412994,-0.000035000000934815034,1,0.987591028213501,-0.026221999898552895,-0.15484000742435455,0,-0.022631000727415085,0.9519090056419373,-0.3055439889431,0,0.15540599822998047,0.30525699257850647,0.9395040273666382,0,0,0.18794800341129303,0,1,0.9961159825325012,-0.03821200132369995,-0.07932599633932114,0,0.08793900161981583,0.4769519865512848,0.8745189905166626,0,0.004416999872773886,-0.8780980110168457,0.47846001386642456,0,0,0.18582400679588318,0,1,0.999767005443573,-0.006976999808102846,0.02042499929666519,0,-0.009885000064969063,0.6932430267333984,0.7206360101699829,0,-0.01918799988925457,-0.7206699848175049,0.6930130124092102,0,0,0.07930800318717957,0,1
K0.100,0.9933030009269714,-0.06528999656438828,0.09532000124454498,0,0.07100299745798111,0.9957990050315857,-0.05782200023531914,0,-0.09114500135183334,0.06420300155878067,0.9937660098075867,0,-0.0005740000051446259,0.4326370060443878,-0.0006929999799467623,1,0.99823397397995,0.054627999663352966,-0.023343000560998917,0,-0.05389700084924698,0.9980689883232117,0.030887000262737274,0,0.024985000491142273,-0.02957499958574772,0.9992499947547913,0,0,0.028565000742673874,-0.000775999971665442,1,0.9996190071105957,0.027255000546574593,-0.004389999900013208,0,-0.02716200053691864,0.9994289875030518,0.020099999383091927,0,0.004935000091791153,-0.01997300051152706,0.9997879862785339,0,0,0.033337999135255814,0,1,0.9996150135993958,0.027326000854372978,-0.004784999880939722,0,-0.027226999402046204,0.9994360208511353,0.019659999758005142,0,0.005319000221788883,-0.01952200010418892,0.9997950196266174,0,0,0.03810099884867668,0,1,0.9999669790267944,0.007832000032067299,0.0023380001075565815,0,-0.008062999695539474,0.9921169877052307,0.12505599856376648,0,-0.001339999958872795,-0.12507100403308868,0.9921470284461975,0,0,0.04286300018429756,0,1,0.9997100234031677,-0.0047519998624920845,-0.023594999685883522,0,0.0016120000509545207,0.9913300275802612,-0.1313830018043518,0,0.024013999849557877,0.13130700588226318,0.9910510182380676,0,0,0.011475999839603901,0.0006140000186860561,1,0.2970789968967438,0.015873000025749207,-0.9547209739685059,0,0.9544960260391235,-0.03226099908351898,0.2964720129966736,0,-0.026094000786542892,-0.9993529915809631,-0.024733999744057655,0,0.029879000037908554,0.04030999913811684,-0.00014899999951012433,1,0.9365609884262085,0.3497389853000641,-0.023148000240325928,0,-0.02587199956178665,0.1348399966955185,0.9905300140380859,0,0.34954899549484253,-0.9270930290222168,0.13533399999141693,0,0,0.05936200171709061,0,1,0.9996849894523621,0.025109000504016876,0.000009999999747378752,0,-0.025109000504016876,0.9996849894523621,0.00004400000034365803,0,-0.000009000000318337698,-0.00004400000034365803,1,0,0,0.13941699266433716,0,1,0.8432000279426575,0.024212999269366264,0.5370550155639648,0,-0.07805900275707245,0.9939129948616028,0.07774700224399567,0,-0.5319030284881592,-0.10747899860143661,0.8399569988250732,0,0,0.1031389981508255,0,1,-0.9771410226821899,-0.045545000582933426,0.20765699446201324,0,-0.01815200038254261,0.9910889863967896,0.13196100294589996,0,-0.2118159979581833,0.12517599761486053,-0.9692599773406982,0,0,0.055025000125169754,0,1,0.9993460178375244,-0.035760000348091125,0.005452000070363283,0,0.035760000348091125,0.9539200067520142,-0.29792100191116333,0,0.005452000070363283,0.29792100191116333,0.9545750021934509,0,0,0.00011999999696854502,0,1,0.9998589754104614,-0.016750000417232513,0.0011739999754354358,0,0.016750000417232513,0.9900739789009094,-0.1395460069179535,0,0.0011749999830499291,0.1395460069179535,0.990215003490448,0,0,0.00018000000272877514,0,1,0.26593899726867676,-0.01911200024187565,0.9638000130653381,0,-0.9617879986763,-0.07279299944639206,0.2639400064945221,0,0.06511399894952774,-0.9971640110015869,-0.03773999959230423,0,-0.029879000037908554,0.0403049997985363,0.000011000000085914508,1,0.8577749729156494,-0.49632200598716736,0.13374200463294983,0,0.011812999844551086,0.27915099263191223,0.960174024105072,0,-0.5138900279998779,-0.8220329880714417,0.24531200528144836,0,0,0.05936200171709061,0,1,0.9932389855384827,-0.11608699709177017,0.000029999999242136255,0,0.11608699709177017,0.9932389855384827,-0.0007580000092275441,0,0.000058000001445179805,0.0007559999939985573,1,0,0,0.13942700624465942,0,1,0.9430710077285767,0.006819000001996756,-0.3325220048427582,0,0.033031001687049866,0.9929270148277283,0.11404100060462952,0,0.33094701170921326,-0.11853200197219849,0.9361749887466431,0,0,0.1031389981508255,0,1,-0.9910029768943787,0.008054000325500965,0.13359299302101135,0,0.024027999490499496,0.9926750063896179,0.11839800328016281,0,-0.13166099786758423,0.12054300308227539,-0.9839379787445068,0,0,0.04330499842762947,0,1,0.6288470029830933,-0.7686840295791626,-0.11694800108671188,0,0.6863129734992981,0.47807198762893677,0.5481070280075073,0,-0.36541101336479187,-0.42493799328804016,0.8281919956207275,0,0,0.006306999828666449,0,1,-0.04024900123476982,0.973393976688385,-0.2255759984254837,0,0.7669669985771179,-0.1146010011434555,-0.6313700079917908,0,-0.6404229998588562,-0.19842100143432617,-0.7419490218162537,0,-0.007464999798685312,0.00380500010214746,-0.0076419999822974205,1,-0.9410290122032166,-0.16776899993419647,0.2937990128993988,0,0.2229589968919754,-0.9606670141220093,0.16555599868297577,0,0.25446799397468567,0.22129899263381958,0.9414209723472595,0,0.02958899922668934,-0.015905000269412994,0.0011709999525919557,1,0.9997190237045288,0.012400000356137753,0.020190000534057617,0,-0.004726999904960394,0.9393740296363831,-0.342862993478775,0,-0.02321700006723404,0.3426710069179535,0.9391679763793945,0,0,0.18768100440502167,0,1,0.9984319806098938,-0.018702000379562378,0.052762001752853394,0,-0.032937001436948776,0.5658559799194336,0.8238459825515747,0,-0.04526299983263016,-0.824292004108429,0.5643529891967773,0,0,0.18569399416446686,0,1,0.9996960163116455,0.004920000210404396,-0.02418000064790249,0,0.013082999736070633,0.7251729965209961,0.6884430050849915,0,0.020921999588608742,-0.6885499954223633,0.7248870134353638,0,0,0.07979600131511688,0,1,-0.9805390238761902,-0.03312100097537041,-0.1935119926929474,0,0.02287900075316429,-0.9982280135154724,0.054926998913288116,0,-0.19498799741268158,0.049430001527071,0.9795590043067932,0,-0.02958899922668934,-0.015905000269412994,-0.000035000000934815034,1,0.9875900149345398,-0.026117999106645584,-0.1548669934272766,0,-0.02266000024974346,0.9520620107650757,-0.30506399273872375,0,0.1554110050201416,0.3047879934310913,0.9396550059318542,0,0,0.18794800341129303,0,1,0.9961280226707458,-0.03826700150966644,-0.07914499938488007,0,0.08780600130558014,0.4771279990673065,0.8744360208511353,0,0.004300999920815229,-0.878000020980835,0.47864100337028503,0,0,0.18582400679588318,0,1,0.999767005443573,-0.006972000002861023,0.020434999838471413,0,-0.00989300012588501,0.6933130025863647,0.7205680012702942,0,-0.019192000851035118,-0.7206019759178162,0.6930829882621765,0,0,0.07930800318717957,0,1
K0.133,0.9932690262794495,-0.06530600041151047,0.09566301107406616,0,0.07103099673986435,0.9958040118217468,-0.057705000042915344,0,-0.09149301052093506,0.06411200016736984,0.9937400221824646,0,-0.0005649999366141856,0.4326539933681488,-0.0006539995665661991,1,0.9982510209083557,0.05447399988770485,-0.022988995537161827,0,-0.05375999957323074,0.9980840086936951,0.030625998973846436,0,0.024612996727228165,-0.029335997998714447,0.9992669820785522,0,0,0.028565000742673874,-0.000775999971665442,1,0.9996209740638733,0.0272000003606081,-0.004244998563081026,0,-0.02710999920964241,0.9994320273399353,0.020015999674797058,0,0.004786998499184847,-0.019892999902367592,0.9997910261154175,0,0,0.033337999135255814,0,1,0.9996169805526733,0.027272000908851624,-0.00463999854400754,0,-0.027177000418305397,0.999439001083374,0.019574999809265137,0,0.005171998403966427,-0.01944199949502945,0.9997979998588562,0,0,0.03810099884867668,0,1,0.999966025352478,0.007912000641226768,0.0023229997605085373,0,-0.008140000514686108,0.9921129941940308,0.12507900595664978,0,-0.0013149997685104609,-0.1250929981470108,0.992143988609314,0,0,0.04286300018429756,0,1,0.9997100234031677,-0.004840000532567501,-0.023584000766277313,0,0.0017020006198436022,0.9913449883460999,-0.1312749981880188,0,0.024015000090003014,0.1311970055103302,0.9910650253295898,0,0,0.011475999839603901,0.0006140000186860561,1,0.2973639965057373,0.01587899960577488,-0.9546319842338562,0,0.9544209837913513,-0.03177099674940109,0.29676899313926697,0,-0.025617994368076324,-0.9993690252304077,-0.024602998048067093,0,0.029879000037908554,0.04030999913811684,-0.00014899999951012433,1,0.9363269805908203,0.3503269851207733,-0.02370300516486168,0,-0.02525399439036846,0.13451799750328064,0.9905890226364136,0,0.3502190113067627,-0.9269170165061951,0.1348000019788742,0,0,0.05936200171709061,0,1,0.9996899962425232,0.024907998740673065,0.000009999999747378752,0,-0.024907998740673065,0.9996899962425232,0.000043000010919058695,0,-0.000009000000318337698,-0.000043000010919058695,1,0,0,0.13941699266433716,0,1,0.843317985534668,0.023754995316267014,0.5368899703025818,0,-0.07768300175666809,0.9939190149307251,0.07804299890995026,0,-0.5317710041999817,-0.10752200335264206,0.8400350213050842,0,0,0.1031389981508255,0,1,-0.9771410226821899,-0.045545000582933426,0.20765599608421326,0,-0.01815200038254261,0.9910889863967896,0.13196100294589996,0,-0.2118159979581833,0.12517499923706055,-0.9692599773406982,0,0,0.055025000125169754,0,1,0.9993460178375244,-0.035760000348091125,0.005452000070363283,0,0.035760000348091125,0.9539200067520142,-0.2979219853878021,0,0.005452999845147133,0.2979219853878021,0.9545750021934509,0,0,0.00011999999696854502,0,1,0.9998589754104614,-0.016750000417232513,0.0011749999830499291,0,0.016750000417232513,0.9900739789009094,-0.1395460069179535,0,0.0011739999754354358,0.1395460069179535,0.990215003490448,0,0,0.00018000000272877514,0,1,0.26613500714302063,-0.019145000725984573,0.9637460112571716,0,-0.961778998374939,-0.0721139907836914,0.26416000723838806,0,0.0644419938325882,-0.9972130060195923,-0.037606000900268555,0,-0.029879000037908554,0.0403049997985363,0.000011000000085914508,1,0.8576390147209167,-0.49649301171302795,0.13398000597953796,0,0.011815999634563923,0.27948901057243347,0.9600759744644165,0,-0.5141170024871826,-0.821815013885498,0.24556699395179749,0,0,0.05936200171709061,0,1,0.9932669997215271,-0.11584500223398209,0.000029999999242136255,0,0.11584500223398209,0.9932669997215271,-0.0007570000016130507,0,0.000058000001445179805,0.000754999986384064,1,0,0,0.13942700624465942,0,1,0.9432510137557983,0.006835999898612499,-0.33201101422309875,0,0.0330049991607666,0.9929080009460449,0.11421199887990952,0,0.3304370045661926,-0.11868800222873688,0.9363359808921814,0,0,0.1031389981508255,0,1,-0.9910039901733398,0.008053000085055828,0.13359299302101135,0,0.024027999490499496,0.9926760196685791,0.11839800328016281,0,-0.13166099786758423,0.1205419972538948,-0.9839379787445068,0,0,0.04330499842762947,0,1,0.6288470029830933,-0.7686840295791626,-0.11694800108671188,0,0.6863129734992981,0.47807198762893677,0.5481070280075073,0,-0.36541101336479187,-0.42493799328804016,0.8281919956207275,0,0,0.006306999828666449,0,1,-0.04024900123476982,0.973393976688385,-0.2255759984254837,0,0.7669669985771179,-0.1146010011434555,-0.6313700079917908,0,-0.6404229998588562,-0.19842199981212616,-0.7419490218162537,0,-0.007464999798685312,0.00380500010214746,-0.0076419999822974205,1,-0.9410520195960999,-0.167821004986763,0.29369598627090454,0,0.22292999923229218,-0.9607099890708923,0.1653430014848709,0,0.25440800189971924,0.22107000648975372,0.9414910078048706,0,0.02958899922668934,-0.015905000269412994,0.0011709999525919557,1,0.9997100234031677,0.012515000998973846,0.020555006340146065,0,-0.004717999137938023,0.9394779801368713,-0.3425770103931427,0,-0.02359800599515438,0.34238100051879883,0.9392650127410889,0,0,0.18768100440502167,0,1,0.998429000377655,-0.01884400099515915,0.05276099964976311,0,-0.03285200148820877,0.5659300088882446,0.8237980008125305,0,-0.04538299888372421,-0.8242380023002625,0.5644220113754272,0,0,0.18569399416446686,0,1,0.9996950030326843,0.004918999969959259,-0.024181999266147614,0,0.013085000216960907,0.7251889705657959,0.6884250044822693,0,0.02092299982905388,-0.6885319948196411,0.7249040007591248,0,0,0.07979600131511688,0,1,-0.980525016784668,-0.03305999934673309,-0.19359199702739716,0,0.022870002314448357,-0.9982439875602722,0.05463399738073349,0,-0.19505800306797028,0.049142997711896896,0.9795600175857544,0,-0.02958899922668934,-0.015905000269412994,-0.000035000000934815034,1,0.9875890016555786,-0.025949997827410698,-0.15490099787712097,0,-0.022732999175786972,0.952252984046936,-0.3044640123844147,0,0.15540599822998047,0.3042060136795044,0.939844012260437,0,0,0.18794800341129303,0,1,0.9961559772491455,-0.038385000079870224,-0.07873699069023132,0,0.08750299364328384,0.4773379862308502,0.874351978302002,0,0.004021996166557074,-0.8778809905052185,0.4788619875907898,0,0,0.18582400679588318,0,1,0.999767005443573,-0.006969999987632036,0.020438000559806824,0,-0.009895999915897846,0.6933410167694092,0.7205410003662109,0,-0.019192999228835106,-0.7205759882926941,0.693111002445221,0,0,0.07930800318717957,0,1
