0.833,30,24,33
B0,mixamorig_Hips,-1,0.7298839688301086,0.03644844517111778,0.682342529296875,0,0.015032412484288216,0.9966229796409607,-0.0703451856970787,0,-0.6827748417854309,0.061690498143434525,0.7267419099807739,0,0.014028890058398247,0.3002030849456787,-0.023291341960430145,1
B1,mixamorig_Spine,0,0.9996153712272644,-0.009973172098398209,-0.025779103860259056,0,0.012510072439908981,0.9948630928993225,0.1004229262471199,0,0.0246433112770319,-0.10070493072271347,0.9946057200431824,0,0,0.028565000742673874,-0.000775999971665442,1
B2,mixamorig_Spine1,1,0.9995571970939636,0.007326641585677862,-0.028015566989779472,0,-0.00004629481190931983,0.967617928981781,0.25234273076057434,0,0.02897702157497406,-0.25225576758384705,0.9671989679336548,0,0,0.033337999135255814,0,1
B3,mixamorig_Spine2,2,0.9995571970939636,0.007326641585677862,-0.028014734387397766,0,-0.00004629481190931983,0.967617928981781,0.25234273076057434,0,0.028976188972592354,-0.25225576758384705,0.9671989679336548,0,0,0.03810099884867668,0,1
B4,mixamorig_Neck,3,0.9947659373283386,0.034763045608997345,-0.09464800357818604,0,-0.048515770584344864,0.9877784252166748,-0.14375753700733185,0,0.08895957469940186,0.14751160144805908,0.9844508767127991,0,0,0.04286300018429756,0,1
B5,mixamorig_Head,4,0.9431307315826416,-0.11858707666397095,-0.3103197515010834,0,0.056540749967098236,0.9768921136856079,-0.2001950442790985,0,0.3273050785064697,0.17115864157676697,0.9279961585998535,0,0,0.011475999839603901,0.0006140000186860561,1
B6,mixamorig_HeadTop_End,5,1,0,0,0,0,1,0,0,0,0,1,0,0,0.05498800054192543,0.002942000050097704,1
B7,mixamorig_LeftShoulder,3,0.018308240920305252,0.004559671506285667,-0.9997352957725525,0,0.9921410083770752,0.10470597445964813,0.018724560737609863,0,0.1047818660736084,-0.9923899173736572,-0.00345333362929523,0,0.029879000037908554,0.04030999913811684,-0.00014899999951012433,1
B8,mixamorig_LeftArm,7,0.7056254148483276,0.35644710063934326,0.6095399260520935,0,-0.5902137160301208,0.7674380540847778,0.2294580191373825,0,-0.3908461928367615,-0.5230962634086609,0.7514397501945496,0,0,0.05936200171709061,0,1
B9,mixamorig_LeftForeArm,8,0.8004949688911438,0.5963801145553589,-0.049029309302568436,0,-0.5854512453079224,0.7979941368103027,0.1375453770160675,0,0.12094343453645706,-0.08234043419361115,0.9886824488639832,0,0,0.13941699266433716,0,1
B10,mixamorig_LeftHand,9,0.994483470916748,0.05396237224340439,-0.08523555845022202,0,-0.0757453665137291,0.9566035270690918,-0.28122252225875854,0,0.06635316461324692,0.2860945165157318,0.9554263949394226,0,0,0.1031389981508255,0,1
B11,mixamorig_LeftHandIndex1,10,-0.9518784284591675,-0.30547022819519043,0.02468070015311241,0,-0.1917632669210434,0.6564885377883911,0.729532778263092,0,-0.2390671819448471,0.6896952986717224,-0.6834778785705566,0,0,0.055025000125169754,0,1
B12,mixamorig_LeftHandIndex2,11,0.9618175625801086,-0.23477372527122498,0.14065760374069214,0,0.2506963610649109,0.5496134757995605,-0.7968971729278564,0,0.10979270935058594,0.8017327189445496,0.5874881148338318,0,0,0.00011999999696854502,0,1
B13,mixamorig_LeftHandIndex3,12,1,0,0,0,0,1,0,0,0,0,1,0,0,0.00018000000272877514,0,1
B14,mixamorig_LeftHandIndex4,13,1,0,0,0,0,1,0,0,0,0,1,0,0,0.00018000000272877514,0,1
B15,mixamorig_RightShoulder,3,0.005916960071772337,-0.008765147067606449,0.99994295835495,0,-0.9972327351570129,0.06353407353162766,0.0064386106096208096,0,-0.06358829885721207,-0.9972153902053833,-0.00841615628451109,0,-0.029879000037908554,0.0403049997985363,0.000011000000085914508,1
B16,mixamorig_RightArm,15,0.8383357524871826,-0.1536213606595993,-0.5201363563537598,0,0.3879360854625702,0.8349986672401428,0.37287238240242004,0,0.38256993889808655,-0.5151551365852356,0.759224534034729,0,0,0.05936200171709061,0,1
B17,mixamorig_RightForeArm,16,0.6054562926292419,-0.7873281836509705,-0.10157372057437897,0,0.7885801196098328,0.6100170016288757,-0.02566502057015896,0,0.08381359279155731,-0.06701243668794632,0.9931233525276184,0,0,0.13942700624465942,0,1
B18,mixamorig_RightHand,17,0.9578565359115601,-0.24692967534065247,-0.13885925710201263,0,0.262209951877594,0.9546762108802795,0.12520021200180054,0,0.10318050533533096,-0.1580115109682083,0.9798060059547424,0,0,0.1031389981508255,0,1
B19,mixamorig_RightHandIndex1,18,-0.9717113375663757,0.09246054291725159,0.2173098921775818,0,0.1921003758907318,0.8446215391159058,0.4996405243873596,0,-0.13736489415168762,0.5272567868232727,-0.8384888172149658,0,0,0.04330499842762947,0,1
B20,mixamorig_RightHandIndex2,19,0.626509964466095,-0.7605363130569458,0.17038555443286896,0,0.6978397965431213,0.6447136402130127,0.31197139620780945,0,-0.34713736176490784,-0.07655081152915955,0.9346516132354736,0,0,0.006306999828666449,0,1
B21,mixamorig_RightHandIndex3,20,-0.033270999789237976,0.989700973033905,-0.13922899961471558,0,0.6898120045661926,-0.07806599885225296,-0.7197679877281189,0,-0.7232239842414856,-0.11998900026082993,-0.680109977722168,0,-0.007464999798685312,0.00380500010214746,-0.0076419999822974205,1
B22,mixamorig_RightHandIndex4,21,1,0,0,0,0,1,0,0,0,0,1,0,0.00010699999984353781,0.00002700000004551839,0.00015999999595806003,1
B23,mixamorig_LeftUpLeg,0,-0.9573695659637451,-0.23194369673728943,0.17182904481887817,0,0.2589401602745056,-0.4323568344116211,0.853954017162323,0,-0.12486478686332703,0.8618742823600769,0.4741603136062622,0,0.02958899922668934,-0.015905000269412994,0.0011709999525919557,1
B24,mixamorig_LeftLeg,23,0.9549272060394287,-0.2868996262550354,0.062145527452230453,0,0.05123894661664963,-0.05152460187673569,-0.989435076713562,0,0.29210516810417175,0.9481317400932312,-0.035000309348106384,0,0,0.18768100440502167,0,1
B25,mixamorig_LeftFoot,24,0.9963462948799133,0.012942428700625896,0.08293835818767548,0,-0.08298026025295258,0.20406144857406616,0.973848283290863,0,-0.003874741727486253,-0.977211594581604,0.2045498788356781,0,0,0.18569399416446686,0,1
B26,mixamorig_LeftToeBase,25,0.999125599861145,-0.03530097007751465,0.018034279346466064,0,0.014680986292660236,0.7432729601860046,0.6675695776939392,0,-0.036709144711494446,-0.6667026281356812,0.7432270050048828,0,0,0.07979600131511688,0,1
B27,mixamorig_LeftToe_End,26,1,0,0,0,0,1,0,0,0,0,1,0,0,0.0331760011613369,0,1
B28,mixamorig_RightUpLeg,0,-0.8833754658699036,0.3769190311431885,-0.27773362398147583,0,-0.46231117844581604,-0.7090990543365479,0.5158379673957825,0,-0.0010778577998280525,0.583372950553894,0.8013895750045776,0,-0.02958899922668934,-0.015905000269412994,-0.000035000000934815034,1
B29,mixamorig_RightLeg,28,0.997349739074707,0.00773501256480813,-0.06980624049901962,0,-0.06528641283512115,-0.1434933990240097,-0.9780948758125305,0,-0.019118281081318855,0.9802008867263794,-0.14234879612922668,0,0,0.18794800341129303,0,1
B30,mixamorig_RightFoot,29,0.9754164814949036,0.2111867517232895,0.062117334455251694,0,-0.00614091195166111,-0.25550341606140137,0.9658743143081665,0,0.22027753293514252,-0.9425240755081177,-0.24791337549686432,0,0,0.18582400679588318,0,1
B31,mixamorig_RightToeBase,30,0.9987943172454834,-0.04840625077486038,0.0004716705298051238,0,0.033705152571201324,0.7011638283729553,0.7121143341064453,0,-0.03485677391290665,-0.7112812995910645,0.7019470930099487,0,0,0.07930800318717957,0,1
B32,mixamorig_RightToe_End,31,1,0,0,0,0,1,0,0,0,0,1,0,0,0.03319299966096878,0,1
@28,0,1,2,3,4,5,7,8,9,10,11,12,13,15,16,17,18,19,20,21,23,24,25,26,28,29,30,31
K0.000,0.7276729941368103,-0.0006680000224150717,0.6859229803085327,0,0.05358700081706047,0.9969990253448486,-0.05587799847126007,0,-0.6838269829750061,0.07741700112819672,0.7255250215530396,0,0.00020900000527035445,0.4031729996204376,-0.003978000022470951,1,0.996366024017334,-0.009996999986469746,-0.08458100259304047,0,0.016186999157071114,0.9972140192985535,0.07281900197267532,0,0.08361800014972687,-0.0739239975810051,0.9937520027160645,0,0,0.028565000742673874,-0.000775999971665442,1,0.986175000667572,-0.015946999192237854,-0.16493600606918335,0,0.048774998635053635,0.9791970252990723,0.19696299731731415,0,0.15836399793624878,-0.2022850066423416,0.9664379954338074,0,0,0.033337999135255814,0,1,0.986175000667572,-0.015946999192237854,-0.16493600606918335,0,0.048774998635053635,0.9791970252990723,0.19696299731731415,0,0.15836399793624878,-0.2022850066423416,0.9664379954338074,0,0,0.03810099884867668,0,1,0.9997429847717285,0.0045090001076459885,0.02222299948334694,0,-0.003438000101596117,0.9988409876823425,-0.048006001859903336,0,-0.02241400070488453,0.04791799932718277,0.9986000061035156,0,0,0.04286300018429756,0,1,0.9370309710502625,-0.04470900073647499,-0.34637099504470825,0,0.006188000086694956,0.9937419891357422,-0.11152999848127365,0,0.34918999671936035,0.10236400365829468,0.931443989276886,0,0,0.011475999839603901,0.0006140000186860561,1,0.01105200033634901,0.023622000589966774,-0.9996600151062012,0,0.9982830286026001,0.057245999574661255,0.012388999573886395,0,0.05751999840140343,-0.9980810284614563,-0.02294900082051754,0,0.029879000037908554,0.04030999913811684,-0.00014899999951012433,1,0.9744049906730652,-0.087848000228405,0.20692400634288788,0,-0.17648200690746307,0.2712230086326599,0.9461989998817444,0,-0.13924400508403778,-0.958499014377594,0.24877800047397614,0,0,0.05936200171709061,0,1,0.6652359962463379,0.7376949787139893,-0.11518300324678421,0,-0.7404279708862305,0.6716579794883728,0.025348000228405,0,0.09606300294399261,0.06842199712991714,0.9930210113525391,0,0,0.13941699266433716,0,1,0.9567819833755493,-0.019579999148845673,-0.29014500975608826,0,-0.0757019966840744,0.9465609788894653,-0.31351399421691895,0,0.28077900409698486,0.321929007768631,0.9041709899902344,0,0,0.1031389981508255,0,1,-0.9720280170440674,-0.13305599987506866,0.1935420036315918,0,-0.12298999726772308,0.9903950095176697,0.06317800283432007,0,-0.2000889927148819,0.03760699927806854,-0.9790560007095337,0,0,0.055025000125169754,0,1,0.9987949728965759,-0.048413001000881195,0.008036999963223934,0,0.04873400181531906,0.9591500163078308,-0.27866899967193604,0,0.0057830000296235085,0.2787249982357025,0.9603539705276489,0,0,0.00011999999696854502,0,1,1,0,0,0,0,1,0,0,0,0,1,0,0,0.00018000000272877514,0,1,0.16763299703598022,-0.023733999580144882,0.9855639934539795,0,-0.9856560230255127,0.01579499989748001,0.16802899539470673,0,-0.019555000588297844,-0.99959397315979,-0.020746000111103058,0,-0.029879000037908554,0.0403049997985363,0.000011000000085914508,1,0.9094979763031006,0.39620599150657654,0.12583599984645844,0,-0.24686199426651,0.2712010145187378,0.9303269982337952,0,0.33447399735450745,-0.8771950006484985,0.3444649875164032,0,0,0.05936200171709061,0,1,0.7393609881401062,-0.6679559946060181,-0.08473700284957886,0,0.6728879809379578,0.7374740242958069,0.05791100114583969,0,0.023809000849723816,-0.09983599931001663,0.9947190284729004,0,0,0.13942700624465942,0,1,0.9690290093421936,-0.217072993516922,0.11773599684238434,0,0.18728099763393402,0.9567580223083496,0.22257399559020996,0,-0.16096000373363495,-0.19363099336624146,0.9677799940109253,0,0,0.1031389981508255,0,1,-0.9877349734306335,-0.030223999172449112,0.15318900346755981,0,-0.0181450005620718,0.9966580271720886,0.07964500039815903,0,-0.15508399903774261,0.07588899880647659,-0.9849820137023926,0,0,0.04330499842762947,0,1,0.6331859827041626,-0.7640560269355774,-0.12366700172424316,0,0.6842589974403381,0.47790399193763733,0.5508149862289429,0,-0.3617520034313202,-0.43338900804519653,0.8254150152206421,0,0,0.006306999828666449,0,1,-0.033270999789237976,0.989700973033905,-0.1392280012369156,0,0.6898120045661926,-0.07806599885225296,-0.7197679877281189,0,-0.7232239842414856,-0.11998800188302994,-0.680109977722168,0,-0.007464999798685312,0.00380500010214746,-0.0076419999822974205,1,-0.9574390053749084,-0.18925799429416656,0.21792499721050262,0,0.2672959864139557,-0.8662890195846558,0.4220150113105774,0,0.10891599953174591,0.4623039960861206,0.8800070285797119,0,0.02958899922668934,-0.015905000269412994,0.0011709999525919557,1,0.9623420238494873,-0.20831699669361115,-0.17464600503444672,0,0.0390469990670681,0.7417250275611877,-0.6695669889450073,0,0.26902100443840027,0.6375330090522766,0.7219269871711731,0,0,0.18768100440502167,0,1,0.9985330104827881,-0.01933100074529648,0.05057999864220619,0,-0.035950999706983566,0.4618299901485443,0.8862400054931641,0,-0.040490999817848206,-0.886758029460907,0.4604569971561432,0,0,0.18569399416446686,0,1,0.9966970086097717,-0.03024199977517128,-0.07536900043487549,0,0.07242800295352936,0.7508000135421753,0.6565459966659546,0,0.03673100098967552,-0.659837007522583,0.7505109906196594,0,0,0.07979600131511688,0,1,-0.9275799989700317,0.2625429928302765,-0.26583200693130493,0,-0.2905980050563812,-0.9541590213775635,0.07164499908685684,0,-0.23483599722385406,0.14370599389076233,0.9613540172576904,0,-0.02958899922668934,-0.015905000269412994,-0.000035000000934815034,1,0.9898329973220825,-0.04287499934434891,-0.13561999797821045,0,-0.05955300107598305,0.7409660220146179,-0.6688969731330872,0,0.12916900217533112,0.6701729893684387,0.730879008769989,0,0,0.18794800341129303,0,1,0.9798660278320312,0.1994290053844452,-0.009537000209093094,0,-0.03419499844312668,0.21469299495220184,0.976082980632782,0,0.19670699536800385,-0.9561039805412292,0.2171899974346161,0,0,0.18582400679588318,0,1,0.9997850060462952,-0.002733000088483095,0.020555000752210617,0,-0.01130599994212389,0.7591249942779541,0.650846004486084,0,-0.017382999882102013,-0.6509389877319336,0.7589309811592102,0,0,0.07930800318717957,0,1
K0.033,0.7266419529914856,-0.004163974430412054,0.6870040893554688,0,0.044805701822042465,0.9981399774551392,-0.041341718286275864,0,-0.6855541467666626,0.06082259118556976,0.7254769206047058,0,0.002152061089873314,0.40267592668533325,-0.004551022779196501,1,0.9968060255050659,-0.010614029131829739,-0.07914692908525467,0,0.01641702465713024,0.9971950054168701,0.07302402704954147,0,0.07814991474151611,-0.07409002631902695,0.9941849708557129,0,0,0.028565000742673874,-0.000775999971665442,1,0.9879119992256165,-0.01770000346004963,-0.15400183200836182,0,0.048332978039979935,0.9791070222854614,0.19751806557178497,0,0.14728783071041107,-0.20257404446601868,0.9681270122528076,0,0,0.033337999135255814,0,1,0.9879119992256165,-0.01770000346004963,-0.15400183200836182,0,0.048332978039979935,0.9791070222854614,0.19751906394958496,0,0.14728783071041107,-0.20257404446601868,0.9681270122528076,0,0,0.03810099884867668,0,1,0.9998940229415894,0.007338015362620354,0.01259581372141838,0,-0.006586027797311544,0.9982479810714722,-0.05879630148410797,0,-0.013004817068576813,0.05870630219578743,0.9981909990310669,0,0,0.04286300018429756,0,1,0.9339379668235779,-0.04601128026843071,-0.3544621169567108,0,0.01121225580573082,0.9949629902839661,-0.0996110811829567,0,0.357260137796402,0.08905597031116486,0.9297489523887634,0,0,0.011475999839603901,0.0006140000186860561,1,0.00026489683659747243,0.023061983287334442,-0.9997339844703674,0,0.9985550045967102,0.053725872188806534,0.001503893407061696,0,0.053746871650218964,-0.9982889890670776,-0.023014986887574196,0,0.029879000037908554,0.04030999913811684,-0.00014899999951012433,1,0.9754070043563843,-0.10444435477256775,0.1940917819738388,0,-0.15670064091682434,0.2906562387943268,0.9439089894294739,0,-0.15500031411647797,-0.9511098861694336,0.2671422064304352,0,0,0.05936200171709061,0,1,0.6360182762145996,0.7639685869216919,-0.10877879709005356,0,-0.7674946188926697,0.6409082412719727,0.013721557334065437,0,0.0802004486322403,0.07476015388965607,0.9939709901809692,0,0,0.13941699266433716,0,1,0.9586979746818542,-0.02296597510576248,-0.2834989130496979,0,-0.06382492184638977,0.953946053981781,-0.29311075806617737,0,0.2771739065647125,0.29909875988960266,0.9130791425704956,0,0,0.1031389981508255,0,1,-0.9724050164222717,-0.13210800290107727,0.19228996336460114,0,-0.12064296007156372,0.9902099967002869,0.07020916789770126,0,-0.19968298077583313,0.04507317766547203,-0.9788230061531067,0,0,0.055025000125169754,0,1,0.9987350106239319,-0.049580030143260956,0.008384008891880512,0,0.04993203282356262,0.9581339955329895,-0.2819320857524872,0,0.0059450045228004456,0.2819940745830536,0.9593979716300964,0,0,0.00011999999696854502,0,1,1,0,0,0,0,1,0,0,0,0,1,0,0,0.00018000000272877514,0,1,0.155170738697052,-0.023208992555737495,0.9876150488853455,0,-0.9877190589904785,0.014836031943559647,0.1555357277393341,0,-0.018262024968862534,-0.9996209740638733,-0.020621994510293007,0,-0.029879000037908554,0.0403049997985363,0.000011000000085914508,1,0.9251551032066345,0.3651236891746521,0.10378877818584442,0,-0.22736184298992157,0.3140745759010315,0.9217718243598938,0,0.30396366119384766,-0.8763799071311951,0.37358343601226807,0,0,0.05936200171709061,0,1,0.7277013659477234,-0.6830746531486511,-0.06212661787867546,0,0.6858376264572144,0.7234853506088257,0.0787079706788063,0,-0.00881632324308157,-0.09988468140363693,0.9949600100517273,0,0,0.13942700624465942,0,1,0.9733940362930298,-0.2040427178144455,0.10426206886768341,0,0.17914073169231415,0.9613760709762573,0.20896181464195251,0,-0.14287199079990387,-0.1847248673439026,0.972350001335144,0,0,0.1031389981508255,0,1,-0.9876729846000671,-0.02612689509987831,0.15433603525161743,0,-0.013142872601747513,0.9963319897651672,0.08455812186002731,0,-0.15597902238368988,0.08148713409900665,-0.9843930006027222,0,0,0.04330499842762947,0,1,0.6331390142440796,-0.7643269896507263,-0.12223096191883087,0,0.6843330264091492,0.47895002365112305,0.549813985824585,0,-0.36169499158859253,-0.4317549765110016,0.8262959718704224,0,0,0.006306999828666449,0,1,-0.033270999789237976,0.989700973033905,-0.1392280012369156,0,0.6898120045661926,-0.07806599885225296,-0.7197679877281189,0,-0.7232239842414856,-0.11998800188302994,-0.680109977722168,0,-0.007464999798685312,0.00380500010214746,-0.0076419999822974205,1,-0.9603010416030884,-0.18600383400917053,0.2079039216041565,0,0.2622969150543213,-0.8557885885238647,0.4458997845649719,0,0.09498278796672821,0.4827307462692261,0.8706035614013672,0,0.02958899922668934,-0.015905000269412994,0.0011709999525919557,1,0.966274082660675,-0.19793391227722168,-0.16472969949245453,0,0.036053985357284546,0.7373755574226379,-0.6745204925537109,0,0.254978746175766,0.6458324790000916,0.7196426391601562,0,0,0.18768100440502167,0,1,0.9984369874000549,-0.02248898334801197,0.05117300897836685,0,-0.03497102111577988,0.4628818929195404,0.8857300877571106,0,-0.0436059832572937,-0.8861350417137146,0.46137088537216187,0,0,0.18569399416446686,0,1,0.9967830181121826,-0.02797611616551876,-0.0751098096370697,0,0.0705929547548294,0.7502080798149109,0.6574229001998901,0,0.03795578330755234,-0.6606099009513855,0.7497690916061401,0,0,0.07979600131511688,0,1,-0.9315840005874634,0.25495100021362305,-0.25913792848587036,0,-0.2881731688976288,-0.9524577856063843,0.09889598190784454,0,-0.2216036468744278,0.16680695116519928,0.9607638716697693,0,-0.02958899922668934,-0.015905000269412994,-0.000035000000934815034,1,0.9884539842605591,-0.049538079649209976,-0.14319398999214172,0,-0.061091046780347824,0.7345324158668518,-0.675817608833313,0,0.13865900039672852,0.676762580871582,0.723025381565094,0,0,0.18794800341129303,0,1,0.9792109727859497,0.2025860697031021,-0.010209964588284492,0,-0.03460600972175598,0.21644678711891174,0.9756810665130615,0,0.1998690813779831,-0.9550439715385437,0.2189578115940094,0,0,0.18582400679588318,0,1,0.9997429847717285,-0.0007440117187798023,0.02263999916613102,0,-0.014105990529060364,0.7615759968757629,0.6479219794273376,0,-0.01772400736808777,-0.6480749845504761,0.7613700032234192,0,0,0.07930800318717957,0,1
K0.067,0.7182460427284241,-0.0016200252575799823,0.6957869529724121,0,0.01488229725509882,0.9998040199279785,-0.01303528156131506,0,-0.695629894733429,0.01971740834414959,0.7181300520896912,0,0.00824893917888403,0.39750605821609497,-0.006843977142125368,1,0.9973599910736084,-0.013458971865475178,-0.07135607302188873,0,0.01886497624218464,0.996957004070282,0.07563798129558563,0,0.07012107968330383,-0.07678496837615967,0.994579017162323,0,0,0.028565000742673874,-0.000775999971665442,1,0.9903550148010254,-0.018129996955394745,-0.13736416399478912,0,0.046040020883083344,0.9781299829483032,0.20283694565296173,0,0.13068217039108276,-0.20720495283603668,0.9695299863815308,0,0,0.033337999135255814,0,1,0.9903550148010254,-0.018129996955394745,-0.13736416399478912,0,0.046040020883083344,0.9781299829483032,0.20283694565296173,0,0.13068217039108276,-0.20720495283603668,0.9695299863815308,0,0,0.03810099884867668,0,1,0.9999420046806335,0.008868984878063202,-0.006039814557880163,0,-0.009370972402393818,0.995993971824646,-0.08892270177602768,0,0.005226818844676018,0.08897469937801361,0.9960200190544128,0,0,0.04286300018429756,0,1,0.9272580742835999,-0.0740647241473198,-0.36702486872673035,0,0.03682274743914604,0.9935269951820374,-0.10746192187070847,0,0.37260785698890686,0.08613003045320511,0.9239830374717712,0,0,0.011475999839603901,0.0006140000186860561,1,-0.01004489790648222,0.021304016932845116,-0.9997230172157288,0,0.9991070032119751,0.04125112295150757,-0.00915889348834753,0,0.04104512557387352,-0.9989219903945923,-0.02169901318848133,0,0.029879000037908554,0.04030999913811684,-0.00014899999951012433,1,0.9751359820365906,-0.14018763601779938,0.17163121700286865,0,-0.12070836126804352,0.31350576877593994,0.9418830275535583,0,-0.1858476847410202,-0.9391811490058899,0.2887887954711914,0,0,0.05936200171709061,0,1,0.5645657181739807,0.8205774426460266,-0.08898519724607468,0,-0.8250033855438232,0.5643057823181152,-0.03047456033527851,0,0.025208545848727226,0.0906178429722786,0.9955670237541199,0,0,0.13941699266433716,0,1,0.9614149928092957,-0.02051202394068241,-0.2743360996246338,0,-0.056711070239543915,0.9610199332237244,-0.27059924602508545,0,0.2691930830478668,0.27571624517440796,0.9227758646011353,0,0,0.1031389981508255,0,1,-0.9731810092926025,-0.13156400620937347,0.18870702385902405,0,-0.11684203892946243,0.989316999912262,0.08717183023691177,0,-0.19816000759601593,0.0627848207950592,-0.9781569838523865,0,0,0.055025000125169754,0,1,0.9985679984092712,-0.052685968577861786,0.009318990632891655,0,0.05311896651983261,0.9553660154342651,-0.2906098961830139,0,0.006407995242625475,0.2906889021396637,0.9567959904670715,0,0,0.00011999999696854502,0,1,1,0,0,0,0,1,0,0,0,0,1,0,0,0.00018000000272877514,0,1,0.1289062649011612,-0.02253800816833973,0.991400957107544,0,-0.9914389252662659,0.018007967621088028,0.12932124733924866,0,-0.020767975598573685,-0.9995840191841125,-0.020024005323648453,0,-0.029879000037908554,0.0403049997985363,0.000011000000085914508,1,0.9388008713722229,0.33465731143951416,0.0815892219543457,0,-0.21109716594219208,0.37178942561149597,0.9039971828460693,0,0.27219533920288086,-0.8658961057662964,0.4196815490722656,0,0,0.05936200171709061,0,1,0.6616936326026917,-0.7493983507156372,-0.023727381601929665,0,0.7486463785171509,0.6586316823959351,0.07571902871131897,0,-0.041116680949926376,-0.06786631792783737,0.9968469738960266,0,0,0.13942700624465942,0,1,0.9782379269599915,-0.17550228536128998,0.1106819361448288,0,0.15226827561855316,0.9695839285850525,0.19162917137145996,0,-0.14094601571559906,-0.17060613632202148,0.9752069711685181,0,0,0.1031389981508255,0,1,-0.9873769879341125,-0.015611104667186737,0.15761396288871765,0,-0.00038612677599303424,0.9953650236129761,0.09616488963365555,0,-0.15838396549224854,0.09488986432552338,-0.9828069806098938,0,0,0.04330499842762947,0,1,0.6330119967460632,-0.765038013458252,-0.11837504059076309,0,0.6845329999923706,0.4817439615726471,0.5471180081367493,0,-0.3615399897098541,-0.4273630380630493,0.8286430239677429,0,0,0.006306999828666449,0,1,-0.033270999789237976,0.989700973033905,-0.1392280012369156,0,0.6898120045661926,-0.07806599885225296,-0.7197679877281189,0,-0.7232239842414856,-0.11998800188302994,-0.680109977722168,0,-0.007464999798685312,0.00380500010214746,-0.0076419999822974205,1,-0.9648189544677734,-0.17022816836833954,0.2003660798072815,0,0.2523270845413208,-0.8136234283447266,0.5237822532653809,0,0.07386020570993423,0.5559132695198059,0.8279524445533752,0,0.02958899922668934,-0.015905000269412994,0.0011709999525919557,1,0.9726709127426147,-0.18865008652210236,-0.13535930216312408,0,0.03450501337647438,0.6939443945884705,-0.7192015647888184,0,0.22960925102233887,0.6948755383491516,0.6814893484115601,0,0,0.18768100440502167,0,1,0.9984300136566162,-0.02078101597726345,0.05201299116015434,0,-0.03704497590661049,0.45148512721061707,0.891508936882019,0,-0.04201001673936844,-0.8920369148254395,0.4500071108341217,0,0,0.18569399416446686,0,1,0.9976770281791687,-0.03954988345503807,-0.055466193705797195,0,0.06611404567956924,0.7584119439125061,0.6484131217002869,0,0.016421213746070862,-0.6505741477012634,0.7592648863792419,0,0,0.07979600131511688,0,1,-0.9335539937019348,0.25426799058914185,-0.2526370584964752,0,-0.306913822889328,-0.9311302304267883,0.19697703421115875,0,-0.18515335023403168,0.26142603158950806,0.9472981095314026,0,-0.02958899922668934,-0.015905000269412994,-0.000035000000934815034,1,0.988178014755249,-0.057506922632455826,-0.14211902022361755,0,-0.06609294563531876,0.6766306161880493,-0.733350396156311,0,0.1383340060710907,0.7340734004974365,0.6648306250572205,0,0,0.18794800341129303,0,1,0.9775490164756775,0.21060292422771454,-0.0066360351629555225,0,-0.03563598915934563,0.1962861865758896,0.9798989295959473,0,0.20767292380332947,-0.9576629996299744,0.1993841975927353,0,0,0.18582400679588318,0,1,0.9997419714927673,-0.0019149883883073926,0.022631999105215073,0,-0.013169009238481522,0.7629640102386475,0.6463069915771484,0,-0.018504992127418518,-0.6464380025863647,0.7627419829368591,0,0,0.07930800318717957,0,1
K0.100,0.6942570209503174,-0.006347999908030033,0.7196990251541138,0,-0.03351399675011635,0.9985910058021545,0.04113699495792389,0,-0.7189469933509827,-0.052678994834423065,0.6930660009384155,0,0.017055999487638474,0.38567599654197693,-0.010188999585807323,1,0.9977440237998962,-0.01524799969047308,-0.06537900120019913,0,0.020385000854730606,0.9966949820518494,0.0786380022764206,0,0.06396400183439255,-0.07979299873113632,0.9947569966316223,0,0,0.028565000742673874,-0.000775999971665442,1,0.9921010136604309,-0.016573000699281693,-0.12434300035238266,0,0.04250200092792511,0.9770159721374512,0.2088879942893982,0,0.11802300065755844,-0.2125220000743866,0.9700019955635071,0,0,0.033337999135255814,0,1,0.9921010136604309,-0.016573000699281693,-0.12434399873018265,0,0.04250200092792511,0.9770159721374512,0.2088869959115982,0,0.11802399903535843,-0.2125220000743866,0.9700019955635071,0,0,0.03810099884867668,0,1,0.9994040131568909,0.004435000009834766,-0.03424200043082237,0,-0.008882000111043453,0.9913640022277832,-0.130839005112648,0,0.03336599841713905,0.1310649961233139,0.9908120036125183,0,0,0.04286300018429756,0,1,0.9141460061073303,-0.12496999651193619,-0.3856410086154938,0,0.07340200245380402,0.9865990281105042,-0.14571799337863922,0,0.39868399500846863,0.10490100085735321,0.9110689759254456,0,0,0.011475999839603901,0.0006140000186860561,1,-0.018782999366521835,0.018989000469446182,-0.9996430277824402,0,0.9996899962425232,0.016694001853466034,-0.018466999754309654,0,0.016338001936674118,-0.9996799826622009,-0.019297000020742416,0,0.029879000037908554,0.04030999913811684,-0.00014899999951012433,1,0.9720609784126282,-0.19196699559688568,0.1350799947977066,0,-0.06684199720621109,0.32526999711990356,0.9432560205459595,0,-0.22501100599765778,-0.9259309768676758,0.3033510148525238,0,0,0.05936200171709061,0,1,0.44438299536705017,0.8935629725456238,-0.06379099935293198,0,-0.8943219780921936,0.43836599588394165,-0.08957099914550781,0,-0.05207299813628197,0.09685400128364563,0.9939349889755249,0,0,0.13941699266433716,0,1,0.9629740118980408,0.01835099793970585,-0.26896899938583374,0,-0.097632996737957,0.9536979794502258,-0.2844800055027008,0,0.25129398703575134,0.3002069890499115,0.9201779961585999,0,0,0.1031389981508255,0,1,-0.9743540287017822,-0.13061000406742096,0.1832360029220581,0,-0.11128699779510498,0.98744797706604,0.11208199709653854,0,-0.19557499885559082,0.08881500363349915,-0.9766589999198914,0,0,0.055025000125169754,0,1,0.9983069896697998,-0.05717499926686287,0.010701999999582767,0,0.0577239990234375,0.9511160254478455,-0.3033899962902069,0,0.0071680000983178616,0.30349400639533997,0.9528059959411621,0,0,0.00011999999696854502,0,1,1,0,0,0,0,1,0,0,0,0,1,0,0,0.00018000000272877514,0,1,0.09233299642801285,-0.021386999636888504,0.99549800157547,0,-0.9954059720039368,0.023468000814318657,0.09282799810171127,0,-0.025346999987959862,-0.9994959831237793,-0.01912200078368187,0,-0.029879000037908554,0.0403049997985363,0.000011000000085914508,1,0.9442089796066284,0.3202210068702698,0.07698699831962585,0,-0.2156679928302765,0.4245089888572693,0.8793630003929138,0,0.24890899658203125,-0.8469070196151733,0.46988698840141296,0,0,0.05936200171709061,0,1,0.5223320126533508,-0.8524360060691833,0.022832999005913734,0,0.8504599928855896,0.5227050185203552,0.05913899838924408,0,-0.06234800070524216,-0.011472002603113651,0.9979889988899231,0,0,0.13942700624465942,0,1,0.97434401512146,-0.17221499979496002,0.14489799737930298,0,0.15511199831962585,0.9803209900856018,0.1221110001206398,0,-0.1630759984254837,-0.09650299698114395,0.9818829894065857,0,0,0.1031389981508255,0,1,-0.9866480231285095,-0.0002920007100328803,0.16286799311637878,0,0.018383000046014786,0.9934080243110657,0.11314799636602402,0,-0.1618269979953766,0.1146320030093193,-0.9801390171051025,0,0,0.04330499842762947,0,1,0.632830023765564,-0.7660350203514099,-0.11276400089263916,0,0.6848180294036865,0.48577699065208435,0.543179988861084,0,-0.3613170087337494,-0.42096400260925293,0.8320090174674988,0,0,0.006306999828666449,0,1,-0.033270999789237976,0.989700973033905,-0.13922899961471558,0,0.6898120045661926,-0.07806599885225296,-0.7197679877281189,0,-0.7232239842414856,-0.11998900026082993,-0.680109977722168,0,-0.007464999798685312,0.00380500010214746,-0.0076419999822974205,1,-0.9582570195198059,-0.1618099957704544,0.23571300506591797,0,0.2789359986782074,-0.7100589871406555,0.6465380191802979,0,0.06275299936532974,0.6852980256080627,0.7255539894104004,0,0.02958899922668934,-0.015905000269412994,0.0011709999525919557,1,0.9726279973983765,-0.21388399600982666,-0.09082599729299545,0,0.05508999899029732,0.5919700264930725,-0.8040750026702881,0,0.22574500739574432,0.7770619988441467,0.5875489711761475,0,0,0.18768100440502167,0,1,0.9985209703445435,0.0010149991139769554,0.05435499921441078,0,-0.04966999962925911,0.4234769940376282,0.9045439958572388,0,-0.022099999710917473,-0.9059060215950012,0.4229010045528412,0,0,0.18569399416446686,0,1,0.9982650279998779,-0.03760400041937828,-0.04530400037765503,0,0.05793499946594238,0.7644839882850647,0.6420339941978455,0,0.010490999557077885,-0.6435449719429016,0.7653359770774841,0,0,0.07979600131511688,0,1,-0.9330250024795532,0.2509939968585968,-0.2578119933605194,0,-0.3342300057411194,-0.869920015335083,0.36267000436782837,0,-0.1332480013370514,0.42454901337623596,0.895546019077301,0,-0.02958899922668934,-0.015905000269412994,-0.000035000000934815034,1,0.9917200207710266,-0.04194900020956993,-0.12137400358915329,0,-0.07742699980735779,0.5587149858474731,-0.8257380127906799,0,0.10245200246572495,0.8282979726791382,0.5508409738540649,0,0,0.18794800341129303,0,1,0.9773650169372559,0.21153099834918976,-0.0035010003484785557,0,-0.029488999396562576,0.15260200202465057,0.9878479838371277,0,0.2094939947128296,-0.9653850197792053,0.15538500249385834,0,0,0.18582400679588318,0,1,0.9997649788856506,-0.005336000118404627,0.021013999357819557,0,-0.009487000294029713,0.763841986656189,0.645334005355835,0,-0.019494999200105667,-0.6453819870948792,0.7636110186576843,0,0,0.07930800318717957,0,1
K0.133,0.6616366505622864,-0.022369271144270897,0.7494903206825256,0,-0.09117858111858368,0.989736795425415,0.11003071069717407,0,-0.7442602515220642,-0.14113788306713104,0.6528064608573914,0,0.02762610837817192,0.3662237226963043,-0.014151042327284813,1,0.998134970664978,-0.013949968852102757,-0.059433918446302414,0,0.01892196573317051,0.996291995048523,0.08392507582902908,0,0.05804192274808884,-0.08489307761192322,0.9946979880332947,0,0,0.028565000742673874,-0.000775999971665442,1,0.9937270283699036,-0.010757934302091599,-0.1113138198852539,0,0.035143911838531494,0.9749759435653687,0.2195131480693817,0,0.10616683959960938,-0.22204813361167908,0.9692389965057373,0,0,0.033337999135255814,0,1,0.9937270283699036,-0.010757934302091599,-0.11131282150745392,0,0.035143911838531494,0.9749759435653687,0.2195131480693817,0,0.10616583377122879,-0.22204813361167908,0.9692379832267761,0,0,0.03810099884867668,0,1,0.9975929260253906,-0.009299243800342083,-0.06871733069419861,0,-0.0025458401069045067,0.985387921333313,-0.17030324041843414,0,0.06929736584424973,0.17006820440292358,0.982992947101593,0,0,0.04286300018429756,0,1,0.8961839079856873,-0.18288148939609528,-0.4042380154132843,0,0.10165304690599442,0.9714957475662231,-0.21415291726589203,0,0.43188023567199707,0.1508287638425827,0.8892297148704529,0,0,0.011475999839603901,0.0006140000186860561,1,-0.028299130499362946,0.017194001004099846,-0.9994519948959351,0,0.999337911605835,-0.022391557693481445,-0.028681138530373573,0,-0.0228725578635931,-0.9996010065078735,-0.01654897630214691,0,0.029879000037908554,0.04030999913811684,-0.00014899999951012433,1,0.9636968374252319,-0.25697267055511475,0.07248417288064957,0,0.011396890506148338,0.310819536447525,0.9504011273384094,0,-0.26675641536712646,-0.915071964263916,0.3024637997150421,0,0,0.05936200171709061,0,1,0.2810783088207245,0.9584263563156128,-0.04913505166769028,0,-0.9519723057746887,0.2719752788543701,-0.14063431322574615,0,-0.12142343819141388,0.08630386739969254,0.9888419508934021,0,0,0.13941699266433716,0,1,0.9534316658973694,0.1122501790523529,-0.2799433767795563,0,-0.21288350224494934,0.9079539775848389,-0.36097100377082825,0,0.21365639567375183,0.40375638008117676,0.8895683884620667,0,0,0.1031389981508255,0,1,-0.9757949709892273,-0.12943999469280243,0.17626792192459106,0,-0.10493394732475281,0.9843019247055054,0.14190731942653656,0,-0.19186995923519135,0.11997632682323456,-0.9740589261054993,0,0,0.055025000125169754,0,1,0.9979599714279175,-0.0626220628619194,0.012432019226253033,0,0.0633140578866005,0.9457069635391235,-0.3187941908836365,0,0.00820701289921999,0.3189311921596527,0.9477419257164001,0,0,0.00011999999696854502,0,1,1,0,0,0,0,1,0,0,0,0,1,0,0,0.00018000000272877514,0,1,0.04753648862242699,-0.01926497370004654,0.9986839890480042,0,-0.9985179901123047,0.025597915053367615,0.04802248626947403,0,-0.026489904150366783,-0.9994869828224182,-0.01801898702979088,0,-0.029879000037908554,0.0403049997985363,0.000011000000085914508,1,0.9427739977836609,0.3177279233932495,0.10112141817808151,0,-0.24370528757572174,0.44963979721069336,0.8593199849128723,0,0.22756177186965942,-0.8347890973091125,0.5013408064842224,0,0,0.05936200171709061,0,1,0.33330634236335754,-0.9407234191894531,0.06282323598861694,0,0.9399734139442444,0.3367353677749634,0.05531713739037514,0,-0.07319309562444687,0.04061533510684967,0.9964900016784668,0,0,0.13942700624465942,0,1,0.9526365399360657,-0.2293509542942047,0.19970183074474335,0,0.24190853536128998,0.9694491624832153,-0.04059305042028427,0,-0.1842898726463318,0.08698046952486038,0.9790154695510864,0,0,0.1031389981508255,0,1,-0.9852970242500305,0.01793019287288189,0.16990408301353455,0,0.041020240634679794,0.9902159571647644,0.1333812028169632,0,-0.16585004329681396,0.13838925957679749,-0.9763919115066528,0,0,0.04330499842762947,0,1,0.6326169967651367,-0.7671880125999451,-0.10591992735862732,0,0.685155987739563,0.4906470477581024,0.5383549332618713,0,-0.361050009727478,-0.41314390301704407,0.8360350728034973,0,0,0.006306999828666449,0,1,-0.033270999789237976,0.989700973033905,-0.13922899961471558,0,0.6898120045661926,-0.07806599885225296,-0.7197679877281189,0,-0.7232239842414856,-0.11998900026082993,-0.680109977722168,0,-0.007464999798685312,0.00380500010214746,-0.0076419999822974205,1,-0.9462499022483826,-0.1527818888425827,0.28507739305496216,0,0.32160231471061707,-0.5381816625595093,0.7790580987930298,0,0.034396395087242126,0.828865110874176,0.5583887696266174,0,0.02958899922668934,-0.015905000269412994,0.0011709999525919557,1,0.9719300866127014,-0.23275980353355408,-0.03425953537225723,0,0.07137589901685715,0.43047794699668884,-0.8997737169265747,0,0.22417980432510376,0.8720727562904358,0.4350079596042633,0,0,0.18768100440502167,0,1,0.9981170296669006,0.021550947800278664,0.05742201581597328,0,-0.0613039955496788,0.3793974816799164,0.9232001900672913,0,-0.0018890217179432511,-0.9249821901321411,0.38000449538230896,0,0,0.18569399416446686,0,1,0.9988409876823425,-0.03045990690588951,-0.037277951836586,0,0.0472119003534317,0.7711700797080994,0.6348759531974792,0,0.009409025311470032,-0.6358999609947205,0.7717140316963196,0,0,0.07979600131511688,0,1,-0.9310880303382874,0.2423788458108902,-0.272629976272583,0,-0.35788798332214355,-0.7516562938690186,0.554010808467865,0,-0.07064319401979446,0.6134036779403687,0.7866033911705017,0,-0.02958899922668934,-0.015905000269412994,-0.000035000000934815034,1,0.9949430227279663,0.0005883201956748962,-0.10044292360544205,0,-0.09292204678058624,0.38506385684013367,-0.9181995987892151,0,0.03813745453953743,0.9228895902633667,0.38317087292671204,0,0,0.18794800341129303,0,1,0.9790369868278503,0.20363903045654297,-0.0042159659788012505,0,-0.015287899412214756,0.09410634636878967,0.9954450726509094,0,0.2031080275774002,-0.974513053894043,0.0952463373541832,0,0,0.18582400679588318,0,1,0.9997490048408508,-0.0060770269483327866,0.02156398817896843,0,-0.009151970967650414,0.7677559852600098,0.6406769156455994,0,-0.02044900692999363,-0.6407139301300049,0.7675079703330994,0,0,0.07930800318717957,0,1
