0.733,30,21,33
B0,mixamorig_Hips,-1,0.9878508448600769,-0.07258039712905884,-0.11945204436779022,0,0.11069393903017044,0.9269348382949829,0.3579171597957611,0,0.08471936732530594,-0.3658015727996826,0.9244535565376282,0,0.004007556941360235,0.36937278509140015,-0.014386446215212345,1
B1,mixamorig_Spine,0,0.9588988423347473,0.05280573293566704,0.27705270051956177,0,-0.09569316357374191,0.9847310781478882,0.14347395300865173,0,-0.2654528021812439,-0.16371233761310577,0.9499096274375916,0,0,0.028565000742673874,-0.000775999971665442,1
B2,mixamorig_Spine1,1,0.9975572228431702,0.00664305267855525,0.06939851492643356,0,-0.00763438967987895,0.9998669028282166,0.014121108688414097,0,-0.06929224729537964,-0.014607874676585197,0.9974810481071472,0,0,0.033337999135255814,0,1
B3,mixamorig_Spine2,2,0.9975598454475403,0.006355269346386194,0.06938739866018295,0,-0.007349862717092037,0.9998679161071777,0.014178778044879436,0,-0.06928427517414093,-0.014645031653344631,0.9974809288978577,0,0,0.03810099884867668,0,1
B4,mixamorig_Neck,3,0.9991551041603088,0.040974851697683334,-0.0004967967397533357,0,-0.040876604616642,0.9957461953163147,-0.08254711329936981,0,-0.002887900685891509,0.08250304311513901,0.9965839982032776,0,0,0.04286300018429756,0,1
B5,mixamorig_Head,4,0.9684696793556213,0.09178593009710312,-0.22751061618328094,0,-0.1634989231824875,0.9328558444976807,-0.3208853304386139,0,0.18279244005680084,0.3477329611778259,0.9185752272605896,0,0,0.011475999839603901,0.0006140000186860561,1
B6,mixamorig_HeadTop_End,5,1,0,0,0,0,1,0,0,0,0,1,0,0,0.05498800054192543,0.002942000050097704,1
B7,mixamorig_LeftShoulder,3,0.06099310889840126,0.009221603162586689,-0.9977926015853882,0,0.9976584315299988,0.018001003190875053,0.061153728514909744,0,0.018523387610912323,-0.9997902512550354,-0.008183236233890057,0,0.029879000037908554,0.04030999913811684,-0.00014899999951012433,1
B8,mixamorig_LeftArm,7,0.8597589731216431,0.22822608053684235,0.4560730755329132,0,-0.4584987461566925,0.7370809316635132,0.49559104442596436,0,-0.2229616641998291,-0.6354973316192627,0.7390861511230469,0,0,0.05936200171709061,0,1
B9,mixamorig_LeftForeArm,8,-0.24848879873752594,0.9678754210472107,0.00221592397429049,0,-0.9678754210472107,-0.24849280714988708,0.0017113377107307315,0,0.002209786558523774,-0.0017199065769091249,0.9999960064888,0,0,0.13941699266433716,0,1
B10,mixamorig_LeftHand,9,0.8342494964599609,0.4262906610965729,-0.3494150936603546,0,-0.5481014847755432,0.7089073657989502,-0.44366252422332764,0,0.05848463624715805,0.5617685914039612,0.8251863121986389,0,0,0.1031389981508255,0,1
B11,mixamorig_LeftHandIndex1,10,-0.9487441778182983,-0.19318881630897522,0.2501082122325897,0,-0.13066619634628296,0.9602805972099304,0.2462139129638672,0,-0.28772884607315063,0.20091360807418823,-0.936308741569519,0,0,0.055025000125169754,0,1
B12,mixamorig_LeftHandIndex2,11,0.9874586462974548,-0.11835791915655136,0.10448168218135834,0,0.11835791915655136,0.11701174825429916,-0.986052393913269,0,0.10448168218135834,0.986052393913269,0.12955309450626373,0,0,0.00011999999696854502,0,1
B13,mixamorig_LeftHandIndex3,12,0.9977993965148926,-0.06371740996837616,0.01833227463066578,0,0.06371740996837616,0.8450742363929749,-0.5308390259742737,0,0.01833227463066578,0.5308390259742737,0.8472748398780823,0,0,0.00018000000272877514,0,1
B14,mixamorig_LeftHandIndex4,13,1,0,0,0,0,1,0,0,0,0,1,0,0,0.00018000000272877514,0,1
B15,mixamorig_RightShoulder,3,0.11686598509550095,-0.0159893911331892,0.9923787117004395,0,-0.9908310174942017,0.0560319647192955,0.11758846044540405,0,-0.05755504220724106,-0.9982924461364746,-0.009161989204585552,0,-0.029879000037908554,0.0403049997985363,0.000011000000085914508,1
B16,mixamorig_RightArm,15,0.4388216733932495,0.126898393034935,0.8873497843742371,0,-0.7264123558998108,0.6305052638053894,0.26945939660072327,0,-0.5276633501052856,-0.7631508708000183,0.37050530314445496,0,0,0.05936200171709061,0,1
B17,mixamorig_RightForeArm,16,0.03833406791090965,-0.9981307983398438,0.006268233060836792,0,0.9981307983398438,0.038292910903692245,-0.006520624738186598,0,0.006282801739871502,0.006506624631583691,0.9999592900276184,0,0,0.13942700624465942,0,1
B18,mixamorig_RightHand,17,0.9935920238494873,0.03608158603310585,0.10350939631462097,0,-0.03508768603205681,0.9991345405578613,-0.014111064374446869,0,-0.10410583764314651,0.010702194646000862,0.9941496849060059,0,0,0.1031389981508255,0,1
B19,mixamorig_RightHandIndex1,18,-0.9876101016998291,-0.11303935945034027,0.10881950706243515,0,0.03933919966220856,0.4929415285587311,0.8691524267196655,0,-0.1518791913986206,0.8626686930656433,-0.4823934733867645,0,0,0.04330499842762947,0,1
B20,mixamorig_RightHandIndex2,19,0.5158003568649292,-0.7310049533843994,0.4466852843761444,0,0.7694315314292908,0.6245543956756592,0.1336924284696579,0,-0.3767249286174774,0.2747352421283722,0.884601354598999,0,0,0.006306999828666449,0,1
B21,mixamorig_RightHandIndex3,20,0.00790406670421362,0.8697299957275391,-0.49346476793289185,0,0.9486222863197327,-0.16261857748031616,-0.2714214622974396,0,-0.3163103759288788,-0.4659666419029236,-0.8263301849365234,0,-0.007464999798685312,0.00380500010214746,-0.0076419999822974205,1
B22,mixamorig_RightHandIndex4,21,1,0,0,0,0,1,0,0,0,0,1,0,0.00010699999984353781,0.00002700000004551839,0.00015999999595806003,1
B23,mixamorig_LeftUpLeg,0,-0.9534185528755188,-0.25492602586746216,0.1611531674861908,0,0.2663332223892212,-0.9580053687095642,0.0617075152695179,0,0.13908395171165466,0.10188500583171844,0.9812288284301758,0,0.02958899922668934,-0.015905000269412994,0.0011709999525919557,1
B24,mixamorig_LeftLeg,23,0.9996663331985474,-0.019097868353128433,-0.014829172752797604,0,0.0048623839393258095,0.7291498780250549,-0.6754381656646729,0,0.023407746106386185,0.675134003162384,0.729025661945343,0,0,0.18768100440502167,0,1
B25,mixamorig_LeftFoot,24,0.9927158951759338,-0.10193897783756256,0.037640530616045,0,0.005988802295178175,0.4701661467552185,0.8585471510887146,0,-0.10953022539615631,-0.8515374660491943,0.4682628810405731,0,0,0.18569399416446686,0,1
B26,mixamorig_LeftToeBase,25,0.9951335787773132,-0.04718645662069321,0.07525172829627991,0,-0.05944167450070381,0.2819947600364685,0.9570460319519043,0,-0.06598630547523499,-0.9579170942306519,0.27720707654953003,0,0,0.07979600131511688,0,1
B27,mixamorig_LeftToe_End,26,1,0,0,0,0,1,0,0,0,0,1,0,0,0.0331760011613369,0,1
B28,mixamorig_RightUpLeg,0,-0.9983690977096558,-0.023793889209628105,-0.01464154478162527,0,-0.016070740297436714,0.07025503367185593,0.9961299896240234,0,-0.02199212834239006,0.9970881938934326,-0.07001959532499313,0,-0.02958899922668934,-0.015905000269412994,-0.000035000000934815034,1
B29,mixamorig_RightLeg,28,0.992841362953186,0.09196244925260544,-0.0744069516658783,0,-0.04995361715555191,-0.25766196846961975,-0.9486265778541565,0,-0.10748640447854996,0.9454655051231384,-0.2512415647506714,0,0,0.18794800341129303,0,1
B30,mixamorig_RightFoot,29,0.9985835552215576,-0.01573561504483223,-0.04835180938243866,0,0.05048844963312149,0.42875000834465027,0.9019597768783569,0,0.0065817148424685,-0.9031413793563843,0.4290677011013031,0,0,0.18582400679588318,0,1
B31,mixamorig_RightToeBase,30,0.9994215369224548,0.0015337227378040552,0.03398031368851662,0,-0.021885184571146965,0.793739378452301,0.6078588962554932,0,-0.0260398481041193,-0.6082508563995361,0.7933133244514465,0,0,0.07930800318717957,0,1
B32,mixamorig_RightToe_End,31,1,0,0,0,0,1,0,0,0,0,1,0,0,0.03319299966096878,0,1
@28,0,1,2,3,4,5,7,8,9,10,11,12,13,15,16,17,18,19,20,21,23,24,25,26,28,29,30,31
K0.000,0.9430080056190491,-0.22242599725723267,0.24751299619674683,0,0.1132429987192154,0.9139009714126587,0.38982200622558594,0,-0.31290900707244873,-0.33957600593566895,0.887004017829895,0,0.001888000057078898,0.3493080139160156,0.0009219999774359167,1,0.9710119962692261,0.12767499685287476,-0.2020770013332367,0,-0.07853899896144867,0.9688760042190552,0.2347559928894043,0,0.22575999796390533,-0.2120800018310547,0.9508180022239685,0,0,0.028565000742673874,-0.000775999971665442,1,0.998511016368866,0.01501499954611063,-0.05244499817490578,0,-0.01396500039845705,0.9996960163116455,0.020339999347925186,0,0.052733998745679855,-0.01957700029015541,0.9984170198440552,0,0,0.033337999135255814,0,1,0.9985520243644714,0.014657000079751015,-0.05175599828362465,0,-0.013589000329375267,0.999688982963562,0.020934000611305237,0,0.052046000957489014,-0.02019999921321869,0.9984400272369385,0,0,0.03810099884867668,0,1,0.9992690086364746,0.02669299952685833,0.027355000376701355,0,-0.02375900000333786,0.9944530129432678,-0.10246499627828598,0,-0.029937999323010445,0.10174000263214111,0.9943600296974182,0,0,0.04286300018429756,0,1,0.9948019981384277,-0.0925770029425621,-0.042410001158714294,0,0.06650599837303162,0.9060720205307007,-0.41786301136016846,0,0.07711099833250046,0.41287100315093994,0.9075199961662292,0,0,0.011475999839603901,0.0006140000186860561,1,-0.05711900070309639,0.012493999674916267,-0.9982889890670776,0,0.9981880187988281,-0.018254000693559647,-0.05734200030565262,0,-0.018938999623060226,-0.9997550249099731,-0.011428999714553356,0,0.029879000037908554,0.04030999913811684,-0.00014899999951012433,1,0.6928290128707886,-0.14115799963474274,-0.7071509957313538,0,0.7167450189590454,0.2424429953098297,0.6538339853286743,0,0.0791499987244606,-0.9598420262336731,0.26914599537849426,0,0,0.05936200171709061,0,1,0.4122680127620697,0.9110620021820068,0.0010479999473318458,0,-0.9110620021820068,0.41226598620414734,0.0016110000433400273,0,0.0010349999647587538,-0.0016189999878406525,0.9999979734420776,0,0,0.13941699266433716,0,1,0.937483012676239,0.19198499619960785,-0.2902890145778656,0,-0.2758899927139282,0.9184020161628723,-0.2835879921913147,0,0.2121569961309433,0.3459469974040985,0.9139530062675476,0,0,0.1031389981508255,0,1,-0.9538019895553589,-0.27777498960494995,0.11446700245141983,0,-0.19292500615119934,0.8583570122718811,0.4753980040550232,0,-0.23030799627304077,0.43135198950767517,-0.8722919821739197,0,0,0.055025000125169754,0,1,0.988493025302887,-0.11700999736785889,0.09586600214242935,0,0.11700999736785889,0.1898220032453537,-0.9748209714889526,0,0.09586600214242935,0.9748209714889526,0.20132899284362793,0,0,0.00011999999696854502,0,1,0.9980250000953674,-0.06062199920415878,0.016452999785542488,0,0.06062199920415878,0.8609560132026672,-0.5050539970397949,0,0.016452999785542488,0.5050539970397949,0.8629310131072998,0,0,0.00018000000272877514,0,1,0.1801069974899292,0.00016599999798927456,0.9836469888687134,0,-0.9743310213088989,-0.1372710019350052,0.17842400074005127,0,0.1350560039281845,-0.9905329942703247,-0.02456199936568737,0,-0.029879000037908554,0.0403049997985363,0.000011000000085914508,1,0.8661440014839172,-0.23252999782562256,-0.4424079954624176,0,0.48643800616264343,0.5954769849777222,0.6393629908561707,0,0.11477299779653549,-0.7689849734306335,0.6288800239562988,0,0,0.05936200171709061,0,1,-0.19746799767017365,-0.9802780151367188,0.007809000089764595,0,0.9802780151367188,-0.19751900434494019,-0.0064050001092255116,0,0.007821000181138515,0.006390000227838755,0.9999489784240723,0,0,0.13942700624465942,0,1,0.7958639860153198,-0.1594489961862564,0.584102988243103,0,0.246287003159523,0.9665390253067017,-0.07172899693250656,0,-0.5531219840049744,0.20094400644302368,0.8085039854049683,0,0,0.1031389981508255,0,1,-0.9797419905662537,-0.12990699708461761,0.1524129956960678,0,0.07082600146532059,0.4871090054512024,0.870464026927948,0,-0.1873220056295395,0.8636249899864197,-0.46804100275039673,0,0,0.04330499842762947,0,1,0.5121549963951111,-0.7222200036048889,0.4648610055446625,0,0.7725610136985779,0.6238620281219482,0.11808899790048599,0,-0.3752950131893158,0.2986530065536499,0.877472996711731,0,0,0.006306999828666449,0,1,0.0074970000423491,0.8702809810638428,-0.4924989938735962,0,0.9481599926948547,-0.162663996219635,-0.27300599217414856,0,-0.3177039921283722,-0.4649209976196289,-0.8263850212097168,0,-0.007464999798685312,0.00380500010214746,-0.0076419999822974205,1,-0.9253299832344055,-0.158502995967865,0.3444420099258423,0,0.37256500124931335,-0.21136899292469025,0.9036139845848083,0,-0.070421002805233,0.9644690155982971,0.25463899970054626,0,0.02958899922668934,-0.015905000269412994,0.0011709999525919557,1,0.9991000294685364,-0.038405999541282654,0.017978999763727188,0,-0.008836999535560608,-0.6032310128211975,-0.7975180149078369,0,0.04147399961948395,0.7966409921646118,-0.6030279994010925,0,0,0.18768100440502167,0,1,0.9382280111312866,0.3364869952201843,0.08065299689769745,0,-0.23602500557899475,0.45190998911857605,0.860273003578186,0,0.2530229985713959,-0.8261680006980896,0.5034139752388,0,0,0.18569399416446686,0,1,0.9997299909591675,0.005890000145882368,-0.02248699963092804,0,0.011587000451982021,0.7123450040817261,0.7017329931259155,0,0.020152000710368156,-0.701803982257843,0.7120850086212158,0,0,0.07979600131511688,0,1,-0.9954050183296204,-0.09479500353336334,0.013485999777913094,0,0.08709400147199631,-0.8378729820251465,0.538873016834259,0,-0.03978300094604492,0.5375720262527466,0.8422790169715881,0,-0.02958899922668934,-0.015905000269412994,-0.000035000000934815034,1,0.9863309860229492,0.13227100670337677,0.0982619971036911,0,0.043570999056100845,0.3657500147819519,-0.9296929836273193,0,-0.15891100466251373,0.9212660193443298,0.3549869954586029,0,0,0.18794800341129303,0,1,0.9974380135536194,-0.003220000071451068,-0.07146699726581573,0,0.06984800100326538,-0.17217500507831573,0.9825869798660278,0,-0.015468000434339046,-0.98506098985672,-0.17150799930095673,0,0,0.18582400679588318,0,1,0.9998480081558228,-0.009964000433683395,0.014287999831140041,0,-0.004482999909669161,0.6454600095748901,0.7637810111045837,0,-0.016832999885082245,-0.7637289762496948,0.645317018032074,0,0,0.07930800318717957,0,1
K0.033,0.9621002674102783,-0.1315198689699173,0.23888634145259857,0,0.03435015305876732,0.9274819493293762,0.3722861111164093,0,-0.2705249488353729,-0.34997037053108215,0.8968481421470642,0,0.0039580101147294044,0.3569801151752472,0.003353025997057557,1,0.959835946559906,0.04567604511976242,-0.27682027220726013,0,0.012047863565385342,0.9790380597114563,0.2033204287290573,0,0.2803041338920593,-0.19848871231079102,0.9391649961471558,0,0,0.028565000742673874,-0.000775999971665442,1,0.9974690079689026,0.003968879114836454,-0.07099707424640656,0,-0.002888880902901292,0.999879002571106,0.015315955504775047,0,0.07104907184839249,-0.01507196482270956,0.9973589777946472,0,0,0.033337999135255814,0,1,0.9974960088729858,0.0036548799835145473,-0.07063208520412445,0,-0.002551882527768612,0.9998729825019836,0.01570795103907585,0,0.07068107277154922,-0.01548795960843563,0.9973790049552917,0,0,0.03810099884867668,0,1,0.9990400075912476,0.016932882368564606,0.040403101593256,0,-0.012633872218430042,0.994458019733429,-0.10437499731779099,0,-0.041946087032556534,0.10376400500535965,0.9937170147895813,0,0,0.04286300018429756,0,1,0.9953818321228027,-0.03901345655322075,0.08770523220300674,0,0.07068388909101486,0.9160872101783752,-0.39469948410987854,0,-0.06494738161563873,0.3990764915943146,0.9146140217781067,0,0,0.011475999839603901,0.0006140000186860561,1,-0.06317747384309769,0.01047499105334282,-0.9979469776153564,0,0.9978820085525513,0.016214163973927498,-0.06300347298383713,0,0.015521170571446419,-0.999813973903656,-0.01147698424756527,0,0.029879000037908554,0.04030999913811684,-0.00014899999951012433,1,0.5562408566474915,-0.21138089895248413,-0.8036884069442749,0,0.821012556552887,0.28942549228668213,0.4921084940433502,0,0.1285855621099472,-0.9335685968399048,0.3345367908477783,0,0,0.05936200171709061,0,1,0.3013148903846741,0.9535232782363892,0.0012440020218491554,0,-0.9535242915153503,0.3013128936290741,0.0016860004980117083,0,0.0012330019380897284,-0.0016940004425123334,0.9999979734420776,0,0,0.13941699266433716,0,1,0.9413230419158936,0.19189602136611938,-0.27764376997947693,0,-0.2710638642311096,0.9199661612510681,-0.28317153453826904,0,0.20108291506767273,0.3418154716491699,0.918002188205719,0,0,0.1031389981508255,0,1,-0.9519669413566589,-0.2803349494934082,0.12317030876874924,0,-0.1938149780035019,0.8630812764167786,0.4663974642753601,0,-0.23705314099788666,0.4201233983039856,-0.875958263874054,0,0,0.055025000125169754,0,1,0.9881669878959656,-0.1175059974193573,0.09858602285385132,0,0.1175059974193573,0.1668328195810318,-0.978958010673523,0,0.09858602285385132,0.978958010673523,0.17866581678390503,0,0,0.00011999999696854502,0,1,0.9980289936065674,-0.06056099757552147,0.016416998580098152,0,0.06056099757552147,0.8612610101699829,-0.5045409798622131,0,0.016416998580098152,0.5045409798622131,0.8632320165634155,0,0,0.00018000000272877514,0,1,0.15054048597812653,-0.005065037403255701,0.9885910749435425,0,-0.985442042350769,-0.08067862689495087,0.14964748919010162,0,0.07899963110685349,-0.9967269897460938,-0.017136959359049797,0,-0.029879000037908554,0.0403049997985363,0.000011000000085914508,1,0.8123971223831177,-0.24017545580863953,-0.5313432812690735,0,0.5422279238700867,0.6463268995285034,0.5368888974189758,0,0.21447353065013885,-0.7242765426635742,0.6553048491477966,0,0,0.05936200171709061,0,1,-0.3142387568950653,-0.9493052363395691,0.00857201125472784,0,0.9493052363395691,-0.3142947554588318,-0.006201995071023703,0,0.008582010865211487,0.006188994739204645,0.9999439716339111,0,0,0.13942700624465942,0,1,0.7166978120803833,0.08615675568580627,0.6920410990715027,0,0.3373585045337677,0.8256697654724121,-0.452170729637146,0,-0.6103551387786865,0.5575357675552368,0.5626906752586365,0,0,0.1031389981508255,0,1,-0.9799680113792419,-0.12348497658967972,0.15624892711639404,0,0.08342991769313812,0.45785510540008545,0.8851039409637451,0,-0.18083596229553223,0.8804089426994324,-0.4383811354637146,0,0,0.04330499842762947,0,1,0.512281060218811,-0.7225350737571716,0.46423184871673584,0,0.7724519968032837,0.6238939762115479,0.11863214522600174,0,-0.3753480017185211,0.29782378673553467,0.877733051776886,0,0,0.006306999828666449,0,1,0.008004020899534225,0.8695939779281616,-0.4937020540237427,0,0.9487360119819641,-0.16260799765586853,-0.2710328996181488,0,-0.31596794724464417,-0.4662240743637085,-0.8263170123100281,0,-0.007464999798685312,0.00380500010214746,-0.0076419999822974205,1,-0.946776270866394,-0.057994063943624496,0.3166249096393585,0,0.32063186168670654,-0.08294642716646194,0.9435653686523438,0,-0.028458314016461372,0.9948650598526001,0.09712620079517365,0,0.02958899922668934,-0.015905000269412994,0.0011709999525919557,1,0.9968169927597046,-0.07128092646598816,0.035712890326976776,0,-0.003778886515647173,-0.4896726608276367,-0.8718979358673096,0,0.07963788509368896,0.868986964225769,-0.4883836805820465,0,0,0.18768100440502167,0,1,0.9344533085823059,0.34032106399536133,0.10477690398693085,0,-0.23799549043178558,0.37803807854652405,0.8946760892868042,0,0.26486721634864807,-0.8609693050384521,0.43425384163856506,0,0,0.18569399416446686,0,1,0.9994500279426575,-0.0009619940537959337,-0.03314999118447304,0,0.021033992990851402,0.7911809682846069,0.6112210750579834,0,0.02563999406993389,-0.6115820407867432,0.7907659411430359,0,0,0.07979600131511688,0,1,-0.9956517815589905,0.03675631061196327,-0.08559492975473404,0,-0.06139524281024933,-0.9499803185462952,0.3062138557434082,0,-0.0700588971376419,0.31013813614845276,0.9481062889099121,0,-0.02958899922668934,-0.015905000269412994,-0.000035000000934815034,1,0.9783729910850525,0.11687257140874863,0.17066816985607147,0,0.07447384297847748,0.5707231163978577,-0.8177580237388611,0,-0.19297797977924347,0.8127820491790771,0.5496761202812195,0,0,0.18794800341129303,0,1,0.9996539354324341,0.007314779795706272,-0.025277085602283478,0,0.02555776946246624,-0.041310157626867294,0.9988183975219727,0,0.006261854432523251,-0.9991183280944824,-0.04148217290639877,0,0,0.18582400679588318,0,1,0.9998109936714172,-0.017282944172620773,-0.008894238620996475,0,0.01577918976545334,0.45452219247817993,0.8905957341194153,0,-0.011348908767104149,-0.8905677199363708,0.45470917224884033,0,0,0.07930800318717957,0,1
K0.067,0.9847167730331421,-0.018490122631192207,0.1731756627559662,0,-0.05022115632891655,0.9219630360603333,0.38400787115097046,0,-0.16676202416419983,-0.38683563470840454,0.9069448709487915,0,0.004965989850461483,0.36956289410591125,0.005966973956674337,1,0.9512280821800232,-0.04969605430960655,-0.30445772409439087,0,0.09836414456367493,0.9842839241027832,0.14666156470775604,0,0.29238489270210266,-0.16945628821849823,0.9411669969558716,0,0,0.028565000742673874,-0.000775999971665442,1,0.9968770146369934,-0.008143879473209381,-0.07854592800140381,0,0.009025881998240948,0.9998999834060669,0.010885044001042843,0,0.07844892889261246,-0.01156003400683403,0.9968510270118713,0,0,0.033337999135255814,0,1,0.9968739748001099,-0.008324881084263325,-0.0785699188709259,0,0.00920188333839178,0.9998990297317505,0.010815048590302467,0,0.07847192883491516,-0.011504040099680424,0.9968500137329102,0,0,0.03810099884867668,0,1,0.9987189769744873,0.00514011736959219,0.0503339022397995,0,0.00014487298903986812,0.9945330023765564,-0.10442700237035751,0,-0.05059591308236122,0.10429999232292175,0.993257999420166,0,0,0.04286300018429756,0,1,0.9773972034454346,0.015261461026966572,0.21086177229881287,0,0.05934611335396767,0.9374817609786987,-0.34293749928474426,0,-0.20291262865066528,0.34769949316978455,0.9153860211372375,0,0,0.011475999839603901,0.0006140000186860561,1,-0.010136527009308338,0.009536009281873703,-0.9999030232429504,0,0.9994180202484131,0.03267383575439453,-0.00981952901929617,0,0.03257782757282257,-0.9994210004806519,-0.00986101571470499,0,0.029879000037908554,0.04030999913811684,-0.00014899999951012433,1,0.4433201253414154,-0.3013221025466919,-0.8441985845565796,0,0.8771214485168457,0.3399224877357483,0.33927953243255615,0,0.18473045527935028,-0.890874445438385,0.41499119997024536,0,0,0.05936200171709061,0,1,0.1903941035270691,0.9817066788673401,0.00143999804276973,0,-0.9817066788673401,0.19039210677146912,0.0017359994817525148,0,0.0014299979666247964,-0.0017439995426684618,0.9999970197677612,0,0,0.13941699266433716,0,1,0.9474129676818848,0.19398199021816254,-0.2545182406902313,0,-0.25555816292762756,0.937319815158844,-0.2369004637002945,0,0.19261108338832855,0.28948649764060974,0.9376028180122375,0,0,0.1031389981508255,0,1,-0.9488240480422974,-0.27570006251335144,0.15401868522167206,0,-0.19174902141094208,0.8904566764831543,0.4126965403556824,0,-0.2509278655052185,0.362043559551239,-0.8977527618408203,0,0,0.055025000125169754,0,1,0.9879050254821777,-0.11785600334405899,0.10076497495174408,0,0.11785600334405899,0.14842118322849274,-0.981876015663147,0,0.10076497495174408,0.981876015663147,0.1605161726474762,0,0,0.00011999999696854502,0,1,0.9980469942092896,-0.06031200289726257,0.01627100259065628,0,0.06031200289726257,0.8624910116195679,-0.5024660229682922,0,0.01627100259065628,0.5024660229682922,0.8644440174102783,0,0,0.00018000000272877514,0,1,0.09938350319862366,-0.008809962309896946,0.9950099587440491,0,-0.9941569566726685,-0.043215371668338776,0.09891550987958908,0,0.042128365486860275,-0.9990270137786865,-0.013053040951490402,0,-0.029879000037908554,0.0403049997985363,0.000011000000085914508,1,0.8225148916244507,-0.08535254001617432,-0.5623016953468323,0,0.4341490864753723,0.732897162437439,0.5238091349601746,0,0.36740148067474365,-0.6749634742736816,0.6398751735687256,0,0,0.05936200171709061,0,1,-0.4895012676715851,-0.871948778629303,0.009716988541185856,0,0.8719477653503418,-0.48956426978111267,-0.005697004962712526,0,0.009724988602101803,0.005684005096554756,0.9999369978904724,0,0,0.13942700624465942,0,1,0.7989891767501831,-0.03827176243066788,0.6001259088516235,0,0.2876625061035156,0.9007062315940857,-0.32554423809051514,0,-0.5280778408050537,0.4327392578125,0.7306633591651917,0,0,0.1031389981508255,0,1,-0.9814119935035706,-0.12101101875305176,0.1489550769329071,0,0.07546807825565338,0.4702748954296112,0.87928706407547,0,-0.17645403742790222,0.8741840720176697,-0.4524008631706238,0,0,0.04330499842762947,0,1,0.5155129432678223,-0.7303669452667236,0.4481201469898224,0,0.7696750164031982,0.6245399713516235,0.13247686624526978,0,-0.3766250014305115,0.2766132056713104,0.8841029405593872,0,0,0.006306999828666449,0,1,0.010023979470133781,0.8668779730796814,-0.49841994047164917,0,0.9509660005569458,-0.16235700249671936,-0.2632550895214081,0,-0.30913206934928894,-0.47134193778038025,-0.8259990215301514,0,-0.007464999798685312,0.00380500010214746,-0.0076419999822974205,1,-0.9775876998901367,0.03558206930756569,0.20750108361244202,0,0.20667412877082825,-0.025567570701241493,0.9780756235122681,0,0.04010731726884842,0.9990399479866028,0.017640789970755577,0,0.02958899922668934,-0.015905000269412994,0.0011709999525919557,1,0.997635006904602,-0.06410607695579529,0.024801107123494148,0,0.007558887358754873,-0.2563093304634094,-0.9665650725364685,0,0.06831911206245422,0.9644660353660583,-0.2552183270454407,0,0,0.18768100440502167,0,1,0.964424729347229,0.2467719167470932,0.0948030948638916,0,-0.1875765025615692,0.3860999047756195,0.9031849503517151,0,0.18627677857875824,-0.888836681842804,0.41865214705467224,0,0,0.18569399416446686,0,1,0.9994770288467407,-0.0003670059086289257,-0.032328005880117416,0,0.02030300721526146,0.7852790355682373,0.618808925151825,0,0.02515900507569313,-0.6191419363021851,0.7848760485649109,0,0,0.07979600131511688,0,1,-0.9695472121238708,0.1676596999168396,-0.17851407825946808,0,-0.18586976826190948,-0.978387713432312,0.09059914946556091,0,-0.15946610271930695,0.12102087587118149,0.9797567129135132,0,-0.02958899922668934,-0.015905000269412994,-0.000035000000934815034,1,0.9796620011329651,0.07391942292451859,0.18654084205627441,0,0.05868515744805336,0.7834629416465759,-0.6186599731445312,0,-0.1918790191411972,0.6170249581336975,0.7631918787956238,0,0,0.18794800341129303,0,1,0.9957850575447083,0.08526722341775894,-0.03378291428089142,0,0.0025402288883924484,0.34255918860435486,0.9394915699958801,0,0.09168115258216858,-0.9356176853179932,0.34089818596839905,0,0,0.18582400679588318,0,1,0.9993950128555298,-0.011657055467367172,-0.03276076167821884,0,0.034698814153671265,0.27277082204818726,0.9614532589912415,0,-0.0022720901761204004,-0.9620082974433899,0.2730098068714142,0,0,0.07930800318717957,0,1
K0.100,0.9954500198364258,0.047439996153116226,0.08263600617647171,0,-0.07713299989700317,0.9103829860687256,0.4065139889717102,0,-0.05594600364565849,-0.41103801131248474,0.9099000096321106,0,0.0047530001029372215,0.3809249997138977,0.006105999927967787,1,0.9524369835853577,-0.09462399780750275,-0.28967300057411194,0,0.13006900250911713,0.9858629703521729,0.1056239977478981,0,0.2755829989910126,-0.13827799260616302,0.9512799978256226,0,0,0.028565000742673874,-0.000775999971665442,1,0.9968990087509155,-0.017551999539136887,-0.07670900225639343,0,0.018279999494552612,0.9997940063476562,0.008798000402748585,0,0.07653900235891342,-0.010173000395298004,0.9970149993896484,0,0,0.033337999135255814,0,1,0.9968780279159546,-0.017819000408053398,-0.07691700011491776,0,0.018512999638915062,0.9997940063476562,0.008321000263094902,0,0.07675199955701828,-0.009719000197947025,0.9970030188560486,0,0,0.03810099884867668,0,1,0.9983050227165222,0.00266700005158782,0.058132998645305634,0,0.003234999720007181,0.9948610067367554,-0.10119800269603729,0,-0.058104000985622406,0.10121399909257889,0.9931660294532776,0,0,0.04286300018429756,0,1,0.9540089964866638,0.0635799989104271,0.29295799136161804,0,0.03698199987411499,0.9448239803314209,-0.3254840075969696,0,-0.2974880039691925,0.32134899497032166,0.8990200161933899,0,0,0.011475999839603901,0.0006140000186860561,1,0.020586997270584106,0.009519999846816063,-0.9997429847717285,0,0.9991670250892639,0.03505000099539757,0.02090899832546711,0,0.03523999825119972,-0.9993399977684021,-0.008790000341832638,0,0.029879000037908554,0.04030999913811684,-0.00014899999951012433,1,0.397022008895874,-0.32429200410842896,-0.8586080074310303,0,0.8790730237960815,0.40327200293540955,0.2541710138320923,0,0.26382699608802795,-0.8556910157203674,0.44518399238586426,0,0,0.05936200171709061,0,1,0.1302410066127777,0.9914810061454773,0.0015460000140592456,0,-0.9914810061454773,0.13023799657821655,0.0017529999604448676,0,0.0015369999455288053,-0.001762000028975308,0.9999970197677612,0,0,0.13941699266433716,0,1,0.947721004486084,0.20176799595355988,-0.24721300601959229,0,-0.26160600781440735,0.9348940253257751,-0.23986400663852692,0,0.18272100389003754,0.2919969856739044,0.9388030171394348,0,0,0.1031389981508255,0,1,-0.9451760053634644,-0.267304003238678,0.18759199976921082,0,-0.18819400668144226,0.9153199791908264,0.3560509979724884,0,-0.26688098907470703,0.30122700333595276,-0.9154430031776428,0,0,0.055025000125169754,0,1,0.9881010055541992,-0.11759699881076813,0.09912800043821335,0,0.11759699881076813,0.16225400567054749,-0.9797170162200928,0,0.09912800043821335,0.9797160029411316,0.17415300011634827,0,0,0.00011999999696854502,0,1,0.9980329871177673,-0.060506001114845276,0.016383999958634377,0,0.060506001114845276,0.8615319728851318,-0.5040839910507202,0,0.016385000199079514,0.5040839910507202,0.8634989857673645,0,0,0.00018000000272877514,0,1,0.06000899896025658,-0.010239999741315842,0.9981449842453003,0,-0.9961100220680237,-0.06526199728250504,0.059216998517513275,0,0.0645349994301796,-0.9978160262107849,-0.014116000384092331,0,-0.029879000037908554,0.0403049997985363,0.000011000000085914508,1,0.8304600119590759,0.006782996002584696,-0.5570369958877563,0,0.33367401361465454,0.7946550250053406,0.5071349740028381,0,0.44609200954437256,-0.6070240139961243,0.657666027545929,0,0,0.05936200171709061,0,1,-0.5809540152549744,-0.8138710260391235,0.010313999839127064,0,0.8138710260391235,-0.5810210108757019,-0.005317999981343746,0,0.010320999659597874,0.005305000115185976,0.9999330043792725,0,0,0.13942700624465942,0,1,0.8520179986953735,-0.158952996134758,0.4987980127334595,0,0.2568889856338501,0.957135021686554,-0.13379201292991638,0,-0.45614999532699585,0.24212901294231415,0.8563299775123596,0,0,0.1031389981508255,0,1,-0.983398973941803,-0.11525899916887283,0.14014799892902374,0,0.06515300273895264,0.4965659976005554,0.8655499815940857,0,-0.16935500502586365,0.8603129982948303,-0.48081299662590027,0,0,0.04330499842762947,0,1,0.5203719735145569,-0.741303026676178,0.42388901114463806,0,0.7655490040779114,0.6249079704284668,0.15304900705814362,0,-0.3783470094203949,0.2448659986257553,0.8926889896392822,0,0,0.006306999828666449,0,1,0.014523000456392765,0.860929012298584,-0.5085179805755615,0,0.955594003200531,-0.16165399551391602,-0.24639099836349487,0,-0.2943289875984192,-0.48235800862312317,-0.8250460028648376,0,-0.007464999798685312,0.00380500010214746,-0.0076419999822974205,1,-0.9942129850387573,0.054078999906778336,0.09282400459051132,0,0.09125100821256638,-0.030875999480485916,0.9953489899635315,0,0.05669400095939636,0.9980589747428894,0.025761999189853668,0,0.02958899922668934,-0.015905000269412994,0.0011709999525919557,1,0.9994159936904907,-0.024703001603484154,0.023600000888109207,0,0.02490900084376335,0.054101984947919846,-0.9982249736785889,0,0.023382002487778664,0.99822998046875,0.054685983806848526,0,0,0.18768100440502167,0,1,0.9904659986495972,0.11741800606250763,0.07203599810600281,0,-0.11608400195837021,0.42988601326942444,0.8953890204429626,0,0.07416700571775436,-0.8952149748802185,0.4394179880619049,0,0,0.18569399416446686,0,1,0.9994710087776184,-0.0005000000237487257,-0.03251300007104874,0,0.020468000322580338,0.7866129875183105,0.6171069741249084,0,0.025266999378800392,-0.6174460053443909,0.7862070202827454,0,0,0.07979600131511688,0,1,-0.9619600176811218,0.1950940042734146,-0.1912350058555603,0,-0.18160000443458557,-0.9796140193939209,-0.085890993475914,0,-0.20409399271011353,-0.04789499193429947,0.977778971195221,0,-0.02958899922668934,-0.015905000269412994,-0.000035000000934815034,1,0.994117021560669,0.01886400207877159,0.10665600001811981,0,0.02638700231909752,0.91286700963974,-0.40740299224853516,0,-0.10504800826311111,0.4078199863433838,0.9069989919662476,0,0,0.18794800341129303,0,1,0.9914659857749939,0.11968100070953369,-0.051695000380277634,0,-0.0472709946334362,0.6995760202407837,0.7129930257797241,0,0.12149599939584732,-0.7044640183448792,0.6992629766464233,0,0,0.18582400679588318,0,1,0.9983919858932495,0.013422999531030655,-0.05508200079202652,0,0.048969000577926636,0.2854039967060089,0.9571549892425537,0,0.028568997979164124,-0.95831298828125,0.2842879891395569,0,0,0.07930800318717957,0,1
K0.133,0.998429000377655,0.05591297149658203,-0.003641522955149412,0,-0.04934977367520332,0.9082911014556885,0.4154187738895416,0,0.026535457000136375,-0.41458573937416077,0.9096230864524841,0,0.004694004543125629,0.38831499218940735,0.00425994535908103,1,0.9642811417579651,-0.08292184770107269,-0.2515665590763092,0,0.10732883214950562,0.9905940294265747,0.08488211780786514,0,0.2421615719795227,-0.10885004699230194,0.9641110897064209,0,0,0.028565000742673874,-0.000775999971665442,1,0.9975579977035522,-0.017905959859490395,-0.0675048753619194,0,0.01847795955836773,0.9997979998588562,0.00787204597145319,0,0.06735087186098099,-0.009100041352212429,0.9976879954338074,0,0,0.033337999135255814,0,1,0.9975410103797913,-0.018157958984375,-0.06768687069416046,0,0.018701961264014244,0.9997979998588562,0.007407047785818577,0,0.06753887236118317,-0.008655043318867683,0.9976789951324463,0,0,0.03810099884867668,0,1,0.9980499744415283,0.007060029078274965,0.062020979821681976,0,-0.0011820356594398618,0.9955419898033142,-0.09431292116641998,0,-0.062409985810518265,0.09405592083930969,0.9936090111732483,0,0,0.04286300018429756,0,1,0.941868007183075,0.09605025500059128,0.3219608664512634,0,0.013633723370730877,0.9465500116348267,-0.32227006554603577,0,-0.33570596575737,0.30792495608329773,0.8902149796485901,0,0,0.011475999839603901,0.0006140000186860561,1,0.02147391438484192,0.00975100975483656,-0.9997220039367676,0,0.9995189905166626,0.022181618958711624,0.02168591134250164,0,0.022386617958545685,-0.999705970287323,-0.009270016103982925,0,0.029879000037908554,0.04030999913811684,-0.00014899999951012433,1,0.4338949918746948,-0.2866114377975464,-0.8541596531867981,0,0.85150545835495,0.44024115800857544,0.28482508659362793,0,0.2944018840789795,-0.8509060740470886,0.4350699186325073,0,0,0.05936200171709061,0,1,0.12918193638324738,0.9916200041770935,0.0015480001457035542,0,-0.9916200041770935,0.1291789412498474,0.0017529999604448676,0,0.0015380000695586205,-0.001762000028975308,0.9999970197677612,0,0,0.13941699266433716,0,1,0.9472939968109131,0.20041000843048096,-0.24993909895420074,0,-0.26550009846687317,0.927716851234436,-0.2623962163925171,0,0.17928603291511536,0.3149252235889435,0.9320299029350281,0,0,0.1031389981508255,0,1,-0.9421279430389404,-0.2523098587989807,0.22076144814491272,0,-0.1824810951948166,0.9383292198181152,0.29366493225097656,0,-0.28124117851257324,0.23638486862182617,-0.9300671815872192,0,0,0.055025000125169754,0,1,0.9877730011940002,-0.1180180013179779,0.10186702013015747,0,0.1180180013179779,0.13910983502864838,-0.9832190275192261,0,0.10186702013015747,0.9832190275192261,0.15133683383464813,0,0,0.00011999999696854502,0,1,0.9979900121688843,-0.06112100929021835,0.016746003180742264,0,0.06112100929021835,0.8584740161895752,-0.5092020630836487,0,0.016746003180742264,0.5092020630836487,0.8604840040206909,0,0,0.00018000000272877514,0,1,0.054883282631635666,-0.010438981465995312,0.9984380006790161,0,-0.9935259819030762,-0.10018402338027954,0.05356528237462044,0,0.09946901351213455,-0.9949139952659607,-0.01587001048028469,0,-0.029879000037908554,0.0403049997985363,0.000011000000085914508,1,0.891953706741333,-0.0002932092465925962,-0.45212605595588684,0,0.25955912470817566,0.8191268444061279,0.5115266442298889,0,0.3701992332935333,-0.5736122131347656,0.7306994795799255,0,0,0.05936200171709061,0,1,-0.5822973847389221,-0.8129104375839233,0.01032299641519785,0,0.8129104375839233,-0.5823643803596497,-0.00531100295484066,0,0.010328995995223522,0.00529900286346674,0.9999330043792725,0,0,0.13942700624465942,0,1,0.8431448340415955,-0.09835316240787506,0.5286153554916382,0,0.19891026616096497,0.9704360365867615,-0.13670620322227478,0,-0.4995415508747101,0.2204098254442215,0.8377817273139954,0,0,0.1031389981508255,0,1,-0.9852139949798584,-0.10874593257904053,0.1323889195919037,0,0.05916992574930191,0.5092102289199829,0.8586058020591736,0,-0.16078393161296844,0.8537437915802002,-0.4952472746372223,0,0,0.04330499842762947,0,1,0.5203179717063904,-0.7411860227584839,0.42416098713874817,0,0.765595018863678,0.6249079704284668,0.15282002091407776,0,-0.37832900881767273,0.24522098898887634,0.8925989866256714,0,0,0.006306999828666449,0,1,0.014460986480116844,0.8610110282897949,-0.5083809494972229,0,0.9555330276489258,-0.16166499257087708,-0.2466210424900055,0,-0.2945300340652466,-0.4822079837322235,-0.8250619769096375,0,-0.007464999798685312,0.00380500010214746,-0.0076419999822974205,1,-0.9992430210113525,0.027620790526270866,0.027389781549572945,0,0.0242747962474823,-0.10743110626935959,0.9939157962799072,0,0.03039577417075634,0.9938288331031799,0.10667911171913147,0,0.02958899922668934,-0.015905000269412994,0.0011709999525919557,1,0.9990429878234863,-0.026870980858802795,0.03451722860336304,0,0.041888196021318436,0.3603348731994629,-0.9318820238113403,0,0.012602767907083035,0.9324360489845276,0.36111587285995483,0,0,0.18768100440502167,0,1,0.9983799457550049,-0.017054934054613113,0.05428392067551613,0,-0.03973846882581711,0.47382214665412903,0.8797239661216736,0,-0.04072478413581848,-0.8804558515548706,0.47237610816955566,0,0,0.18569399416446686,0,1,0.9994829893112183,-0.0002449933090247214,-0.03215798735618591,0,0.02015199139714241,0.7840549349784851,0.6203630566596985,0,0.025060994550585747,-0.6206910610198975,0.7836549282073975,0,0,0.07979600131511688,0,1,-0.9833781123161316,0.12096438556909561,-0.13540354371070862,0,-0.10376349091529846,-0.9863821268081665,-0.12760545313358307,0,-0.14899542927742004,-0.11143456399440765,0.9825391173362732,0,-0.02958899922668934,-0.015905000269412994,-0.000035000000934815034,1,0.9964669346809387,0.01223294623196125,0.08308820426464081,0,0.031617797911167145,0.8619067072868347,-0.5060786604881287,0,-0.07780569791793823,0.5069175362586975,0.8584746718406677,0,0,0.18794800341129303,0,1,0.9823639392852783,0.17937926948070526,-0.05276096984744072,0,-0.09199816733598709,0.7093667387962341,0.6988092064857483,0,0.16277919709682465,-0.6816311478614807,0.7133598327636719,0,0,0.18582400679588318,0,1,0.9996140003204346,-0.002796031767502427,0.027651945129036903,0,-0.016269953921437263,0.7477635741233826,0.6637654304504395,0,-0.022532973438501358,-0.6639594435691833,0.747429609298706,0,0,0.07930800318717957,0,1
