<?xml version="1.0" encoding="utf-8"?>
<COLLADA xmlns="http://www.collada.org/2005/11/COLLADASchema" version="1.4.1">
  <asset>
    <contributor>
      <author>Mixamo</author>
      <authoring_tool>COLLADA Mixamo exporter</authoring_tool>
      <comments/>
    </contributor>
    <created>2024-05-21T09:17:38Z</created>
    <modified>2024-05-21T09:17:38Z</modified>
    <revision/>
    <title/>
    <unit meter="0.010000"/>
    <up_axis>Y_UP</up_axis>
  </asset>
  <library_geometries>
    <geometry id="cfpoly-lib" name="cfpolyMesh">
      <mesh>
        <source id="cfpoly-lib-Position" name="position">
          <float_array id="cfpoly-lib-Position-array" count="387"> -0.091700 0.044800 -0.053700 -0.073700 0.050100 0.006800 -0.048800 0.044400 -0.049700 -0.074100 -0.000700 -0.061800 -0.110200 0.000200 0.026700 -0.038000 0.000400 0.030400 -0.077200 0.023200 0.062600 -0.078700 -0.000600 0.073500 -0.080300 0.226500 -0.018300 -0.071900 0.026600 -0.012200 -0.055300 0.235900 0.006800 -0.035300 0.232400 -0.018700 -0.082500 0.026800 -0.021600 -0.055200 0.195300 -0.049600 -0.060300 0.026700 -0.021900 -0.071400 0.026100 -0.035400 -0.061700 0.375000 -0.022000 -0.111000 0.294800 -0.022300 -0.043400 0.317600 0.021600 -0.035100 0.379200 0.003600 -0.000845 0.353580 -0.021426 -0.034700 0.379200 -0.049100 -0.053000 0.206800 -0.021900 -0.043000 0.317400 -0.077500 0.073200 0.050100 0.007400 0.091300 0.044000 -0.052800 0.048400 0.043700 -0.049800 0.073600 -0.000500 -0.061300 0.037600 0.000200 0.029800 0.108800 -0.000500 0.025900 0.076200 0.023100 0.062100 0.077200 -0.000900 0.074000 0.059900 0.025600 -0.021900 0.056100 0.235900 0.006900 0.035100 0.232400 -0.018800 0.080000 0.226400 -0.018200 0.072500 0.025600 -0.012100 0.056000 0.195400 -0.049500 0.082100 0.025700 -0.021600 0.072000 0.026100 -0.035300 0.002939 0.353642 -0.022227 0.043300 0.317600 0.021600 0.035100 0.379200 0.003600 0.034800 0.379200 -0.049100 0.061700 0.375000 -0.022000 0.052700 0.206800 -0.021900 0.043000 0.317400 -0.077500 0.110900 0.294700 -0.022200 -0.170800 0.291400 0.005700 -0.125800 0.270700 0.005800 -0.116700 0.325400 0.003700 -0.164400 0.339100 0.002900 -0.116200 0.326300 -0.054300 -0.163500 0.339900 -0.054000 -0.170500 0.292300 -0.056500 -0.125600 0.270600 -0.056400 -0.098000 0.408500 -0.064600 -0.123300 0.446800 -0.028100 -0.098100 0.408700 0.007900 -0.163800 0.419700 -0.029200 -0.132800 0.321700 -0.010600 -0.132200 0.321500 -0.047000 -0.157800 0.326700 -0.028900 -0.122900 0.522700 -0.029200 -0.053900 0.572000 0.032400 -0.162400 0.571200 -0.029400 -0.107400 0.628400 -0.030000 -0.053800 0.571600 -0.088400 -0.087000 0.514500 -0.010100 -0.086900 0.515400 -0.048500 -0.138700 0.428700 -0.029900 -0.113300 0.423700 -0.014000 -0.112500 0.423400 -0.046000 0.041900 0.583900 -0.029300 -0.041900 0.583900 -0.029300 0.000000 0.553395 -0.060195 -0.045000 0.626800 -0.029300 0.000000 0.569200 0.015700 0.000000 0.655100 -0.050200 0.000000 0.626800 0.018800 0.045000 0.626800 -0.029300 0.164400 0.339800 0.003800 0.164000 0.339500 -0.053500 0.117100 0.325700 -0.053800 0.116500 0.325900 0.003400 0.171400 0.292200 0.006800 0.126000 0.271200 0.006600 0.125400 0.270800 -0.056100 0.170800 0.291800 -0.055800 0.123100 0.446700 -0.028400 0.098900 0.408900 0.008200 0.164100 0.419800 -0.028000 0.098900 0.408600 -0.065000 0.133100 0.321600 -0.047100 0.132500 0.321700 -0.010100 0.158200 0.326800 -0.028200 0.087400 0.515400 -0.048000 0.053300 0.571900 0.031900 0.053500 0.571400 -0.088900 0.109100 0.628800 -0.029900 0.161800 0.571100 -0.029600 0.087900 0.514600 -0.009800 0.123000 0.522700 -0.029500 0.112400 0.423500 -0.013700 0.113200 0.423500 -0.045400 0.138800 0.428700 -0.029600 0.031400 0.475000 -0.046100 0.000000 0.408000 -0.019900 -0.031400 0.475000 -0.046100 -0.031400 0.466600 0.012600 -0.072200 0.504300 -0.062800 0.072200 0.504300 -0.062800 -0.064900 0.574500 -0.060700 -0.047100 0.504300 0.036600 -0.051300 0.550400 0.028300 0.064900 0.574500 -0.060700 0.031400 0.466600 0.012600 0.047100 0.504300 0.036600 0.051300 0.550400 0.028300 -0.039800 0.432100 -0.053400 0.053400 0.399600 -0.056500 -0.053400 0.399600 -0.056500 0.000000 0.350400 -0.041900 0.000000 0.350400 0.005200 -0.034500 0.399600 0.019900 0.039800 0.432100 -0.053400 -0.025100 0.432100 0.015700 0.034600 0.399600 0.019900 0.025100 0.432100 0.015700</float_array>
          <technique_common>
            <accessor count="129" source="#cfpoly-lib-Position-array" stride="3">
              <param name="X" type="float"/>
              <param name="Y" type="float"/>
              <param name="Z" type="float"/>
            </accessor>
          </technique_common>
        </source>
        <source id="cfpoly-lib-Normal0" name="normal">
          <float_array id="cfpoly-lib-Normal0-array" count="654"> 0.018200 0.995584 -0.092098 0.094299 0.208397 -0.973488 -0.761278 0.625282 0.171695 -0.889264 -0.280889 -0.360986 0.724364 0.640768 0.254387 0.858399 -0.391399 -0.331599 0.671399 0.650099 0.355800 -0.726711 0.635510 0.260804 0.003700 -0.999822 -0.018500 -0.789973 0.294690 0.537681 0.002200 -0.999941 0.010600 0.698801 0.261000 0.666001 -0.706784 -0.008000 0.707384 -0.129593 0.963951 -0.232388 0.773085 -0.117698 0.623288 -0.663529 -0.005100 0.748133 -0.771293 0.019100 -0.636194 0.638997 -0.089400 0.763996 0.769595 -0.126399 -0.625896 -0.781629 0.022901 -0.623323 -0.095894 0.666456 -0.739351 0.887343 -0.101405 -0.449822 -0.590477 0.360286 0.722171 -0.687325 0.287511 0.667025 0.599308 0.800511 0.003600 0.599308 0.800511 0.003500 -0.152500 0.988302 -0.001800 0.489428 -0.177210 0.853848 0.489495 -0.177298 0.853791 0.991099 -0.113300 0.069900 0.845232 -0.299011 -0.442917 0.709718 0.213305 -0.671417 0.709591 0.213497 -0.671491 -0.683939 0.378722 -0.623536 -0.449105 -0.292603 0.844209 -0.520275 -0.345784 -0.780863 -0.654328 0.403717 -0.639427 -0.013400 0.994393 -0.104899 -0.068899 0.214096 -0.974380 -0.732448 0.634055 0.247982 -0.853975 -0.399388 -0.333490 0.775897 0.607298 0.170799 0.888832 -0.285010 -0.358813 0.740781 0.617184 0.265193 -0.678497 0.643297 0.354698 -0.010400 -0.999838 -0.014701 -0.709116 0.289507 0.642915 -0.009600 -0.999946 0.003900 0.797666 0.295087 0.525978 -0.762373 -0.101196 0.639177 0.131205 0.961938 -0.239709 0.722472 -0.006000 0.691374 -0.610073 -0.118295 0.783465 -0.873475 -0.097597 -0.476986 0.704594 -0.004800 0.709594 0.806103 0.018000 -0.591502 -0.734385 -0.125197 -0.667086 0.097897 0.667683 -0.737981 0.781914 0.021600 -0.623011 -0.678999 0.121000 0.724099 -0.679007 0.120901 0.724108 -0.624509 0.781012 0.003000 -0.624399 0.781099 0.003200 0.687063 0.286185 0.667864 -0.809513 -0.273304 0.519608 -0.722905 0.206701 -0.659305 -0.723111 0.206603 -0.659110 0.154093 0.988055 -0.001400 0.685396 0.377798 -0.622496 -0.855163 -0.290687 -0.429182 0.655825 0.402715 -0.638525 0.589504 0.359402 0.723405 0.520685 -0.346490 -0.780277 0.447783 -0.293589 0.844568 0.014701 0.036002 0.999244 0.000600 0.058599 0.998281 0.276702 0.960806 0.017000 0.276791 0.960767 0.017699 0.276793 0.960777 0.017100 0.275910 0.961033 0.017001 -0.990771 0.135496 -0.003800 -0.989500 0.144100 -0.011200 -0.989369 0.144895 -0.012400 -0.990932 0.134304 -0.003900 0.018899 0.036199 -0.999166 0.009500 0.051102 -0.998648 -0.435083 -0.900264 -0.015099 -0.417002 -0.908905 0.001000 0.986608 -0.163001 0.005900 0.986642 -0.162807 0.005600 0.986007 -0.166601 0.005900 0.986655 -0.162793 0.003300 0.833983 0.551789 -0.000800 -0.359007 0.505309 0.784714 -0.490028 0.010001 0.871649 -0.331397 0.526995 -0.782593 0.930841 -0.365416 0.002300 -0.593766 -0.035498 0.803854 -0.569493 0.058799 -0.819890 0.927579 -0.373292 0.015800 -0.477494 -0.033700 -0.877989 -0.457604 -0.369803 0.808607 -0.447605 0.437305 0.780009 0.726435 0.687233 -0.001700 -0.501319 -0.308412 0.808431 0.869587 -0.493693 -0.009300 -0.436282 0.411183 -0.800367 -0.443487 -0.364589 -0.818776 0.862410 -0.506206 0.002400 -0.456510 0.070502 0.886920 -0.497220 -0.287711 -0.818532 0.959953 -0.278915 0.026401 -0.512500 0.112400 0.851299 -0.457901 0.083200 -0.885101 0.963359 -0.268189 -0.003800 -0.196596 -0.980480 0.003000 -0.503795 0.116799 -0.855891 0.000200 -0.977441 0.211209 -0.000200 -0.977441 0.211209 0.000000 -0.712883 0.701283 -0.613973 -0.044598 -0.788066 -0.613906 -0.044800 -0.788107 -0.613690 -0.044599 -0.788287 0.000000 -0.950870 -0.309590 -0.463918 0.086603 -0.881635 -0.737295 -0.036300 0.674595 -0.729497 -0.053400 0.681897 0.737295 -0.036300 0.674595 -0.375502 0.857704 0.351202 0.375502 0.857704 0.351202 0.729497 -0.053400 0.681897 0.613903 -0.044900 -0.788104 0.614019 -0.044701 -0.788024 0.613835 -0.045103 -0.788145 0.463918 0.086603 -0.881635 -0.281092 0.959673 -0.004000 -0.281607 0.959523 -0.003700 -0.280604 0.959813 -0.004500 -0.279693 0.960075 -0.005300 -0.030601 0.055001 0.998017 -0.026301 0.058702 0.997929 -0.030401 0.054702 0.998040 -0.029901 0.053002 0.998147 0.418385 -0.908268 0.001900 0.418709 -0.908119 0.001900 -0.014100 0.045199 -0.998878 -0.013601 0.046202 -0.998840 -0.012700 0.040001 -0.999119 -0.008100 0.047801 -0.998824 -0.985302 -0.170500 0.010500 -0.988773 -0.149096 -0.009900 0.989416 0.144902 -0.007700 0.989383 0.144998 -0.009800 0.989835 0.142005 -0.007800 0.989406 0.144801 -0.010400 0.340998 0.531197 0.775596 -0.843659 0.536874 -0.002400 -0.930611 -0.366004 0.001900 0.350287 0.523081 -0.776972 0.484180 0.003100 0.874963 -0.934030 -0.356912 -0.014200 0.606008 -0.036701 -0.794611 0.581203 -0.039400 0.812804 0.491679 0.014099 -0.870662 -0.855572 -0.517683 -0.000200 -0.855385 -0.517991 0.001100 -0.716586 0.697487 -0.004000 0.450788 0.415789 0.789879 -0.856034 -0.516920 0.000100 0.517008 -0.413806 0.749311 0.465472 -0.319581 0.825351 0.452719 -0.330514 -0.828134 0.441291 0.398792 -0.803883 0.472805 0.089501 0.876610 0.486101 -0.390501 -0.781802 -0.965601 -0.258900 -0.024200 0.501802 0.083900 0.860904 0.442811 0.099102 -0.891121 -0.962807 -0.270102 0.006900 0.198094 -0.980173 0.004500 0.510424 0.086704 -0.855541 0.000000 -0.364207 -0.931318 -0.546694 -0.828891 -0.118599 0.000000 -0.496128 -0.868249 0.000000 -0.496010 -0.868317 0.000000 0.029399 -0.999568 0.000000 0.029099 -0.999577 -0.845923 -0.488614 0.213706 -0.979659 0.096596 0.175893 0.000000 0.029599 -0.999562 0.546694 -0.828891 -0.118599 -0.968615 -0.044201 0.244604 0.000000 -0.538395 0.842692 0.000000 0.965228 0.261408 0.000000 0.178797 0.983886 0.000000 0.178894 0.983868 0.846081 -0.488389 0.213595 0.979659 0.096596 0.175893 0.893879 -0.443789 -0.063498 0.968617 -0.043601 0.244704 0.000000 -0.484301 0.874902 -0.893879 -0.443789 -0.063498 0.000000 0.096305 -0.995352 0.000000 0.096295 -0.995353 -0.677615 -0.735417 0.000000 -0.775618 -0.601514 0.191304 0.000000 0.096404 -0.995342 0.000000 1.000000 0.000000 0.677615 -0.735417 0.000000 0.000000 -0.285402 0.958408 0.000000 0.128193 0.991749 0.000000 0.127800 0.991800 0.775601 -0.601601 0.191100 0.911395 0.363098 0.193699 0.926590 0.298697 0.228498 -0.906437 0.357914 0.224209 0.000000 -0.285494 -0.958380 -0.934152 0.296785 0.198190</float_array>
          <technique_common>
            <accessor count="218" source="#cfpoly-lib-Normal0-array" stride="3">
              <param name="X" type="float"/>
              <param name="Y" type="float"/>
              <param name="Z" type="float"/>
            </accessor>
          </technique_common>
        </source>
        <source id="cfpoly-lib-UV0" name="map1">
          <float_array id="cfpoly-lib-UV0-array" count="250"> 0.430800 0.004100 0.004100 0.443000 0.589300 0.211300 0.349500 0.703100 0.609600 0.162600 0.674600 0.150400 0.634000 0.203200 0.544600 1.032200 0.788400 0.373900 0.552700 1.032200 0.837200 0.325100 0.544600 0.186900 0.028400 0.646200 0.524200 0.126000 0.552700 0.890000 0.532400 0.731500 0.195100 0.922500 0.365800 0.195100 0.117900 0.487700 0.016300 0.540500 0.552700 0.195100 0.556800 0.694900 0.353600 0.890000 0.682700 0.105700 0.727400 0.942800 0.004100 0.447000 0.617700 0.178800 0.361700 0.727400 0.581100 0.191000 0.341400 0.682700 0.625800 0.182900 0.678700 0.170700 0.548600 1.032200 0.845300 0.341400 0.780300 0.349500 0.520200 0.121900 0.028400 0.654300 0.544600 0.199100 0.532400 0.743700 0.552700 0.881900 0.191000 0.918500 0.394200 0.219500 0.365800 0.881900 0.349500 0.890000 0.353600 0.186900 0.491700 0.020300 0.000000 0.499900 0.528300 0.662400 0.487700 1.011900 1.016000 0.552700 0.512100 0.369800 0.150400 0.402300 0.288500 0.203200 0.569000 0.174700 0.280400 0.967200 0.605500 0.361700 0.564900 1.020100 0.739600 0.178800 0.345400 0.211300 0.089400 0.426700 0.682700 0.369800 0.353600 0.991600 0.731500 0.983500 0.520200 0.166600 0.552700 0.361700 0.516100 1.024100 1.032200 0.520200 0.516100 -0.445700 0.167600 0.500500 0.268400 0.564800 -0.019100 0.500500 1.051300 0.500500 0.351400 1.272400 0.680800 1.272400 0.864700 0.500500 0.763800 0.564800 0.000000 0.508000 0.491700 0.004100 1.020100 0.536400 0.487700 1.028200 0.495800 0.434800 0.540500 0.597400 0.288500 0.154400 0.150400 0.459200 0.605500 0.438900 0.280400 0.946900 0.569000 0.121900 0.564900 0.995700 0.682700 0.443000 0.085300 0.471400 0.349500 0.154400 0.739600 0.134100 0.731500 0.967200 0.357600 0.967200 0.520200 0.113800 0.552700 0.438900 0.516100 1.003800 0.516100 0.329200 0.239800 0.085300 0.516100 0.256000 0.516100 0.524200 0.077200 0.264200 0.008100 0.564900 0.792500 0.085300 0.016300 0.499900 0.516100 0.231600 0.516100 1.016000 0.516100 0.613700 0.955000 0.264200 1.024100 0.564900 0.979400 0.284500 1.016000 0.499900 0.516100 0.268200 0.052800 0.284500 0.516100 0.573000 0.166600 0.134100 0.113800 0.207300 0.516100 1.032200 0.865600 0.134100 0.516100 0.369800 0.516100 0.581100 0.918500 0.207300 0.991600 0.682700 0.040600 0.682700 0.516100 0.365800</float_array>
          <technique_common>
            <accessor count="125" source="#cfpoly-lib-UV0-array" stride="2">
              <param name="S" type="float"/>
              <param name="T" type="float"/>
            </accessor>
          </technique_common>
        </source>
        <vertices id="cfpoly-lib-Vertex">
          <input semantic="POSITION" source="#cfpoly-lib-Position"/>
        </vertices>
        <polylist count="192">
          <input semantic="VERTEX" offset="0" source="#cfpoly-lib-Vertex"/>
          <input semantic="NORMAL" offset="1" source="#cfpoly-lib-Normal0"/>
          <input semantic="TEXCOORD" offset="2" set="0" source="#cfpoly-lib-UV0"/>
          <vcount> 3 3 3 3 3 3 3 3 3 3 3 3 3 3 3 3 3 3 3 3 3 3 3 3 3 3 3 3 3 3 3 3 3 3 3 3 3 3 3 3 3 3 3 3 3 3 3 3 3 3 3 3 3 3 3 3 3 3 3 3 3 3 3 3 3 3 3 3 3 3 3 3 3 3 3 3 3 3 3 3 3 3 3 3 3 3 3 3 3 3 3 3 3 3 3 3 3 3 3 3 3 3 3 3 3 3 3 3 3 3 3 3 3 3 3 3 3 3 3 3 3 3 3 3 3 3 3 3 3 3 3 3 3 3 3 3 3 3 3 3 3 3 3 3 3 3 3 3 3 3 3 3 3 3 3 3 3 3 3 3 3 3 3 3 3 3 3 3 3 3 3 3 3 3 3 3 3 3 3 3 3 3 3 3 3 3 3 3 3 3 3 3</vcount>
          <p> 0 0 0 1 0 0 2 0 0 3 1 1 0 1 1 2 1 1 4 2 2 1 2 2 0 2 2 3 3 3 4 3 3 0 3 3 1 4 4 5 4 4 2 4 4 2 5 3 5 5 3 3 5 3 6 6 5 5 6 5 1 6 5 1 7 6 4 7 6 6 7 6 4 8 7 5 8 7 7 8 7 6 9 8 4 9 8 7 9 8 5 10 9 4 10 9 3 10 9 5 11 10 6 11 10 7 11 10 8 12 11 9 12 11 10 12 11 8 13 12 10 13 12 11 13 12 9 14 13 11 14 13 10 14 13 8 15 11 12 15 11 9 15 11 13 16 14 12 16 14 8 16 14 9 17 13 14 17 13 11 17 13 14 18 15 15 18 15 13 18 15 13 19 14 15 19 14 12 19 14 13 20 16 8 20 16 11 20 16 14 21 15 13 21 15 11 21 15 16 22 17 17 22 17 18 22 17 16 23 17 18 23 17 19 23 17 20 24 18 21 24 18 19 25 18 19 26 19 21 26 19 16 26 19 22 27 20 20 28 20 19 28 20 22 29 20 19 29 20 18 29 20 20 30 21 22 30 21 23 30 21 20 31 21 23 32 21 21 32 21 16 33 22 21 33 22 23 33 22 22 34 23 18 34 23 17 34 23 22 35 24 17 35 24 23 35 24 16 36 22 23 36 22 17 36 22 24 37 0 25 37 0 26 37 0 25 38 25 27 38 25 26 38 25 28 39 26 24 39 26 26 39 26 28 40 27 26 40 27 27 40 27 24 41 28 29 41 28 25 41 28 27 42 29 25 42 29 29 42 29 29 43 30 24 43 30 30 43 30 28 44 31 30 44 31 24 44 31 28 45 32 29 45 32 31 45 32 30 46 33 28 46 33 31 46 33 29 47 9 28 47 9 27 47 9 29 48 34 30 48 34 31 48 34 32 49 35 33 49 35 34 49 35 34 50 36 33 50 36 35 50 36 36 51 37 35 51 37 33 51 37 32 52 35 36 52 35 33 52 35 37 53 38 32 53 38 34 53 38 36 54 37 38 54 37 35 54 37 35 55 39 38 55 39 39 55 39 37 56 38 39 56 38 32 56 38 37 57 40 34 57 40 35 57 40 35 58 39 39 58 39 37 58 39 40 59 20 41 60 20 42 59 20 43 61 18 40 61 18 42 62 18 41 63 41 44 63 41 42 63 41 40 64 20 45 64 20 41 64 20 46 65 21 40 66 21 43 66 21 43 67 19 42 67 19 44 67 19 44 68 42 46 68 42 43 68 42 46 69 21 45 69 21 40 69 21 46 70 43 44 70 43 47 70 43 41 71 44 47 71 44 44 71 44 47 72 24 45 72 24 46 72 24 47 73 23 41 73 23 45 73 23 48 74 45 49 74 45 50 74 45 48 75 45 50 75 45 51 75 45 52 76 46 53 77 46 51 78 46 52 76 46 51 78 46 50 79 46 54 80 47 51 81 47 53 82 47 54 80 47 48 83 47 51 81 47 52 84 48 55 84 48 54 84 48 52 85 48 54 85 48 53 85 48 48 86 49 54 86 49 55 86 49 48 87 49 55 87 49 49 87 49 50 88 50 55 89 50 52 90 50 50 88 50 49 91 50 55 89 50 56 92 51 57 92 51 58 92 51 58 93 52 57 93 52 59 93 52 59 94 53 60 94 53 58 94 53 59 95 54 57 95 54 56 95 54 58 96 55 61 96 55 56 96 55 59 97 53 62 97 53 60 97 53 56 98 56 61 98 56 62 98 56 58 99 55 60 99 55 61 99 55 56 100 56 62 100 56 59 100 56 63 101 57 64 101 57 65 101 57 64 102 58 66 102 58 65 102 58 67 103 59 66 103 59 64 103 59 63 104 57 68 104 57 64 104 57 64 105 60 68 105 60 69 105 60 65 106 61 66 106 61 67 106 61 67 107 62 63 107 62 65 107 62 64 108 60 69 108 60 67 108 60 70 109 63 68 109 63 63 109 63 67 110 62 69 110 62 63 110 62 68 111 64 71 111 64 72 111 64 70 112 63 71 112 63 68 112 63 69 113 65 70 113 65 63 113 65 68 114 64 72 114 64 69 114 64 70 115 66 72 115 66 71 115 66 69 116 65 72 116 65 70 116 65 73 117 67 74 118 67 75 119 67 75 120 68 74 121 68 76 122 68 77 123 67 74 118 67 73 117 67 78 124 69 75 124 69 76 124 69 79 125 70 74 125 70 77 125 70 79 126 70 76 126 70 74 126 70 73 127 71 79 127 71 77 127 71 78 128 72 76 128 72 79 128 72 78 129 73 79 129 73 80 129 73 73 130 71 80 130 71 79 130 71 73 131 74 75 132 74 80 133 74 78 134 75 80 134 75 75 134 75 81 135 76 82 136 76 83 137 76 81 135 76 83 137 76 84 138 76 85 139 77 81 140 77 84 141 77 85 139 77 84 141 77 86 142 77 87 143 78 88 144 78 85 143 78 87 143 78 85 143 78 86 143 78 83 145 79 88 146 79 87 147 79 83 145 79 82 148 79 88 146 79 87 149 80 86 149 80 84 149 80 87 150 80 84 150 80 83 150 80 81 151 81 88 152 81 82 153 81 81 151 81 85 154 81 88 152 81 89 155 82 90 155 82 91 155 82 89 156 83 92 156 83 90 156 83 93 157 84 90 157 84 92 157 84 89 158 85 91 158 85 92 158 85 94 159 86 91 159 86 90 159 86 93 160 84 94 160 84 90 160 84 91 161 87 95 161 87 93 161 87 94 162 86 95 162 86 91 162 86 91 163 87 93 163 87 92 163 87 96 164 88 97 164 88 98 165 88 99 166 89 98 166 89 97 166 89 99 167 90 97 167 90 100 167 90 96 164 88 101 168 88 97 164 88 101 169 91 102 169 91 100 169 91 101 170 91 100 170 91 97 170 91 100 171 92 96 171 92 98 171 92 99 172 93 100 172 93 98 172 93 103 173 94 102 173 94 101 173 94 100 174 92 102 174 92 96 174 92 104 175 95 103 175 95 101 175 95 103 176 94 105 176 94 102 176 94 102 177 96 104 177 96 96 177 96 104 178 95 101 178 95 96 178 95 104 179 66 105 179 66 103 179 66 102 180 96 105 180 96 104 180 96 106 181 97 107 181 97 108 181 97 109 182 98 110 182 98 108 182 98 111 183 99 106 184 99 108 184 99 111 183 99 108 184 99 110 184 99 112 185 100 111 186 100 110 185 100 110 187 101 109 187 101 113 187 101 110 188 102 114 188 102 112 188 102 112 185 100 115 189 100 111 186 100 111 190 103 116 190 103 106 190 103 114 191 104 110 191 104 113 191 104 109 192 105 116 192 105 117 192 105 109 192 105 117 192 105 113 192 105 114 193 106 118 193 106 115 193 106 114 193 106 115 193 106 112 193 106 113 194 107 118 194 107 114 195 107 116 196 108 111 196 108 117 196 108 118 197 109 111 197 109 115 197 109 113 194 107 117 194 107 118 194 107 107 198 110 106 198 110 116 198 110 111 199 111 118 199 111 117 199 111 109 200 112 107 200 112 116 200 112 107 201 113 109 201 113 108 201 113 119 202 114 120 203 114 121 203 114 122 204 115 123 204 115 121 204 115 123 205 116 124 205 116 121 205 116 119 202 114 125 206 114 120 203 114 126 207 117 125 207 117 119 207 117 122 208 118 120 208 118 123 208 118 123 209 119 127 209 119 124 209 119 126 207 117 128 207 117 125 207 117 127 210 120 126 210 120 124 211 120 120 212 121 127 212 121 123 212 121 120 213 122 125 213 122 128 213 122 127 210 120 128 211 120 126 210 120 120 214 122 128 214 122 127 214 122 124 215 123 119 215 123 121 215 123 122 216 124 121 216 124 120 216 124 124 217 123 126 217 123 119 217 123</p>
        </polylist>
      </mesh>
    </geometry>
  </library_geometries>
  <library_controllers>
    <controller id="cfpolyController">
      <skin source="#cfpoly-lib">
        <bind_shape_matrix>1.000000 0.000000 0.000000 0.000000 -0.000000 1.000000 0.000000 0.000000 -0.000000 -0.000000 1.000000 0.000000 0.000000 0.000000 0.000000 1.000000
</bind_shape_matrix>
        <source id="cfpolyController-Joints">
          <Name_array id="cfpolyController-Joints-array" count="26">
 mixamorig_RightLeg mixamorig_RightFoot mixamorig_RightToeBase
mixamorig_RightUpLeg mixamorig_LeftUpLeg mixamorig_Hips mixamorig_LeftLeg mixamorig_LeftFoot
mixamorig_LeftToeBase mixamorig_RightHandIndex2 mixamorig_RightHandIndex3 mixamorig_RightHand
mixamorig_RightForeArm mixamorig_RightHandIndex1 mixamorig_RightArm mixamorig_RightShoulder
mixamorig_Spine2 mixamorig_Spine1 mixamorig_LeftShoulder mixamorig_Neck mixamorig_Head
mixamorig_LeftHand mixamorig_LeftForeArm mixamorig_LeftHandIndex3 mixamorig_LeftArm
mixamorig_Spine</Name_array>
          <technique_common>
            <accessor source="#cfpolyController-Joints-array" count="26">
              <param type="name"/>
            </accessor>
          </technique_common>
        </source>
        <source id="cfpolyController-Matrices">
          <float_array id="cfpolyController-Matrices-array" count="416">

-0.997278 0.073430 -0.006737 -0.073084 -0.072610 -0.993830 -0.083849 0.227802 -0.012852 -0.083132 0.996456 0.025943 0.000000 0.000000 0.000000 1.000000
-0.995834 0.076891 -0.049012 -0.074119 -0.086482 -0.626080 0.774948 0.042505 0.028901 0.775959 0.630121 -0.021820 0.000000 0.000000 0.000000 1.000000
-0.994408 0.101567 -0.028918 -0.074777 -0.029282 -0.002097 0.999569 -0.040857 0.101462 0.994827 0.005060 0.007961 0.000000 0.000000 0.000000 1.000000
-0.989841 0.141586 -0.012990 -0.088656 -0.142180 -0.985701 0.090434 0.411214 0.000000 0.091362 0.995818 -0.014160 0.000000 0.000000 0.000000 1.000000
-0.989812 -0.141994 0.010519 0.089348 0.142383 -0.987107 0.073123 0.411204 -0.000000 0.073876 0.997267 -0.007997 0.000000 0.000000 0.000000 1.000000
1.000000 0.000000 0.000000 -0.000300 -0.000000 1.000000 0.000000 -0.435086 0.000000 -0.000000 1.000000 0.024204 0.000000 0.000000 0.000000 1.000000
-0.997296 -0.073283 0.005429 0.073651 0.072675 -0.994557 -0.074658 0.227837 0.010870 -0.074062 0.997194 0.025992 0.000000 0.000000 0.000000 1.000000
-0.995876 -0.076440 0.048871 0.074714 0.085940 -0.622095 0.778211 0.042638 -0.029084 0.779201 0.626099 -0.021818 0.000000 0.000000 0.000000 1.000000
-0.994446 -0.101190 0.028929 0.075370 0.029270 -0.001886 0.999570 -0.041162 -0.101092 0.994865 0.004837 0.007995 0.000000 0.000000 0.000000 1.000000
0.096921 -0.147897 -0.984242 0.033746 -0.980875 -0.181902 -0.069256 -0.095771 -0.168792 0.972131 -0.162698 -0.311255 0.000000 0.000000 0.000000 1.000000
0.096921 -0.147897 -0.984242 0.041211 -0.980875 -0.181902 -0.069256 -0.099576 -0.168792 0.972131 -0.162698 -0.303613 0.000000 0.000000 0.000000 1.000000
0.038228 0.141447 0.989207 -0.012347 -0.052432 -0.988283 0.143341 0.327049 0.997893 -0.057346 -0.030364 0.159245 0.000000 0.000000 0.000000 1.000000
0.005813 -0.003944 0.999975 0.031968 -0.218085 -0.975926 -0.002581 0.398302 0.975913 -0.218064 -0.006533 0.210546 0.000000 0.000000 0.000000 1.000000
0.096921 -0.147897 -0.984242 0.033746 -0.980875 -0.181902 -0.069256 -0.089463 -0.168792 0.972131 -0.162698 -0.311255 0.000000 0.000000 0.000000 1.000000
0.003715 -0.013456 0.999903 0.035853 -0.215341 -0.976461 -0.012341 0.537998 0.976532 -0.215274 -0.006526 0.209407 0.000000 0.000000 0.000000 1.000000
0.000641 0.027366 0.999625 0.012266 -0.997174 -0.075075 0.002695 0.013775 0.075120 -0.996802 0.027241 0.576498 0.000000 0.000000 0.000000 1.000000
1.000000 -0.000000 0.000000 -0.000300 -0.000000 0.999631 -0.027152 -0.535596 -0.000000 0.027152 0.999631 0.012381 0.000000 0.000000 0.000000 1.000000
1.000000 -0.000000 0.000000 -0.000300 -0.000000 0.999631 -0.027152 -0.497496 -0.000000 0.027152 0.999631 0.012381 0.000000 0.000000 0.000000 1.000000
-0.004759 -0.027330 -0.999615 -0.012284 0.997174 -0.075073 -0.002695 0.013024 -0.074971 -0.996803 0.027610 0.576554 0.000000 0.000000 0.000000 1.000000
1.000000 0.000000 0.000000 -0.000300 -0.000000 1.000000 0.000000 -0.577910 0.000000 -0.000000 1.000000 0.028083 0.000000 0.000000 0.000000 1.000000
1.000000 0.000000 0.000000 -0.000300 -0.000000 1.000000 0.000000 -0.589386 0.000000 -0.000000 1.000000 0.027469 0.000000 0.000000 0.000000 1.000000
0.057140 -0.263559 -0.962950 0.052518 0.119469 -0.955790 0.268688 0.310027 -0.991192 -0.130395 -0.023126 0.183546 0.000000 0.000000 0.000000 1.000000
-0.001051 -0.003454 -0.999993 -0.027180 0.218086 -0.975925 0.003141 0.398337 -0.975929 -0.218081 0.001779 0.211385 0.000000 0.000000 0.000000 1.000000
-0.263270 0.230441 0.936796 -0.012951 0.893115 0.425352 0.146362 -0.250628 -0.364740 0.875199 -0.317793 -0.196574 0.000000 0.000000 0.000000 1.000000
-0.002476 0.003008 -0.999992 -0.029819 0.215357 -0.976529 -0.003471 0.538152 -0.976532 -0.215364 0.001770 0.210276 0.000000 0.000000 0.000000 1.000000
1.000000 -0.000000 0.000000 -0.000300 -0.000000 0.999631 -0.027152 -0.464158 -0.000000 0.027152 0.999631 0.012381 0.000000 0.000000 0.000000 1.000000</float_array>
          <technique_common>
            <accessor source="#cfpolyController-Matrices-array" count="26" stride="16">
              <param type="float4x4"/>
            </accessor>
          </technique_common>
        </source>
        <source id="cfpolyController-Weights">
          <float_array id="cfpolyController-Weights-array" count="335">

1.000000 0.103187 0.896579 0.000234 0.095861 0.891404 0.012735 0.131998 0.867286 0.000715 0.043089 0.956910 0.000000 0.591783 0.408217 0.524620
0.475380 1.000000 1.000000 0.934821 0.065179 0.136834 0.852463 0.010703 0.665373 0.334627 0.785947 0.214053 0.101431 0.895356 0.003212 0.995952
0.004048 0.068105 0.922229 0.009666 0.068579 0.927909 0.003513 0.995530 0.000113 0.004358 0.000029 0.999971 0.999997 0.000003 0.992041 0.000045
0.007914 0.197569 0.773697 0.028734 0.944772 0.018209 0.037019 0.982462 0.017538 0.999344 0.000656 0.055573 0.904207 0.040220 0.061809 0.934837
0.003353 0.088569 0.908206 0.003225 0.009534 0.982448 0.008019 0.491656 0.508344 0.471958 0.528042 1.000000 1.000000 0.035287 0.945931 0.018782
0.452890 0.547110 0.460070 0.539930 0.088658 0.911342 0.076398 0.898071 0.025531 0.005111 0.994889 0.052440 0.927713 0.019847 0.024231 0.964851
0.010918 0.038324 0.939136 0.022540 1.000000 1.000000 1.000000 1.000000 0.032291 0.967709 1.000000 1.000000 1.000000 0.000000 1.000000 0.163303
0.836697 0.039885 0.960115 0.000000 0.978708 0.021278 0.000013 0.225570 0.771602 0.002828 0.000000 1.000000 0.045303 0.941867 0.012830 0.000004
0.874789 0.125207 0.000000 0.203918 0.796082 0.000000 0.963093 0.036907 0.000000 0.942197 0.057803 0.892566 0.107434 0.927433 0.070441 0.002126
0.049694 0.836044 0.110551 0.003712 0.989463 0.009199 0.001339 0.058844 0.810169 0.015063 0.115924 0.943952 0.055350 0.000699 0.166835 0.833158
0.000007 0.204482 0.658331 0.000658 0.136529 0.849642 0.131889 0.007525 0.010944 0.859344 0.133196 0.002253 0.005208 0.000000 0.722102 0.277898
0.000000 0.756373 0.243627 0.000000 0.649825 0.350174 0.966176 0.033824 0.006240 0.695957 0.135127 0.162676 0.922610 0.077390 0.014510 0.985490
1.000000 0.007471 0.992529 0.025222 0.974778 0.036524 0.963476 1.000000 0.199582 0.800418 0.781910 0.218090 1.000000 1.000000 1.000000 1.000000
1.000000 0.000189 0.001176 0.000000 0.413082 0.585554 0.000000 0.979065 0.020935 0.000000 0.983464 0.016536 0.000000 0.932482 0.067518 0.850677
0.149323 0.919174 0.080826 0.940745 0.059255 0.058822 0.034299 0.383389 0.000331 0.523159 0.143349 0.063931 0.738047 0.054672 0.057190 0.095531
0.769013 0.078266 0.004832 0.792077 0.203091 0.000650 0.063766 0.935584 0.078517 0.006301 0.392169 0.000000 0.000637 0.522377 0.004633 0.019316
0.000000 0.001255 0.974796 0.000000 0.869642 0.130358 0.000000 0.824351 0.175649 0.000000 0.886229 0.113771 0.080811 0.240330 0.678858 0.087639
0.822597 0.089764 0.093162 0.280836 0.626002 0.147185 0.205939 0.646875 0.096726 0.021202 0.881351 0.000721 0.117062 0.770444 0.112493 0.169994
0.725155 0.021904 0.082946 0.193130 0.571585 0.235284 0.104022 0.590908 0.305070 0.208524 0.040606 0.701748 0.049123 0.151100 0.187095 0.661805
0.211197 0.536954 0.251850 0.735081 0.177492 0.087427 0.261508 0.738492 0.744553 0.255447 0.660630 0.007975 0.331395 0.159339 0.764283 0.076377
0.285113 0.648676 0.066211 0.694772 0.001605 0.303623 0.401234 0.598766 0.168004 0.831996 0.000000 0.736708 0.263292 0.289934 0.710066</float_array>
          <technique_common>
            <accessor source="#cfpolyController-Weights-array" count="335">
              <param type="float"/>
            </accessor>
          </technique_common>
        </source>
        <joints>
          <input semantic="JOINT" source="#cfpolyController-Joints"/>
          <input semantic="INV_BIND_MATRIX" source="#cfpolyController-Matrices"/>
        </joints>
        <vertex_weights count="129">
          <input semantic="JOINT" offset="0" source="#cfpolyController-Joints"/>
          <input semantic="WEIGHT" offset="1" source="#cfpolyController-Weights"/>
          <vcount>3 3 3 3 2 2 1 1 2 3 2 2 3 2 3 3 3 2 2 3 3 3 2 2 3 3 3 3 2 2 1 1 3 2 2 2 3 2 3 3 3 1 1 1 1 2 1 1 2 1 2 3 3 3 2 3 3 3 3 3 2 3 4 3 4 3 3 4 4 4 3 3 3 2 4 2 2 1 2 2 2 1 2 2 1 1 1 1 1 5 3 3 3 2 2 2 5 4 4 3 3 6 5 3 3 3 3 3 3 3 4 3 4 3 3 4 3 3 3 2 2 3 3 3 3 2 2 3 2</vcount>
          <v>0 1 1 2 2 3 0 4 1 5 2 6 0 7 1 8 2 9 0 10 1 11 2 12 1 13 2 14 1 15 2 16 2 17 2 18 0 19 3 20 0 21 1 22 2 23 0 24 3 25 0 26 3 27 0 28 1 29 2 30 0 31 3 32 0 33 1 34 2 35 0 36 1 37 2 38 3 39 4 40 5 41 0 42 3 43 3 44 4 45 3 46 4 47 5 48 3 49 4 50 5 51 3 52 4 53 5 54 0 55 3 56 3 57 4 58 6 59 7 60 8 61 6 62 7 63 8 64 6 65 7 66 8 67 6 68 7 69 8 70 7 71 8 72 7 73 8 74 8 75 8 76 6 77 7 78 8 79 4 80 6 81 4 82 6 83 4 84 6 85 6 86 7 87 8 88 4 89 6 90 6 91 7 92 8 93 6 94 7 95 8 96 3 97 4 98 5 99 4 100 4 101 4 102 4 103 4 104 6 105 4 106 4 107 9 108 10 109 9 110 9 111 11 112 9 113 11 114 12 115 11 116 12 117 13 118 11 119 12 120 13 121 11 122 13 123 9 124 11 125 13 126 11 127 12 128 14 129 11 130 12 131 14 132 11 133 12 134 14 135 11 136 12 137 14 138 11 139 12 140 11 141 12 142 13 143 9 144 11 145 12 146 13 147 14 148 15 149 16 150 14 151 15 152 16 153 17 154 14 155 15 156 16 157 14 158 15 159 16 160 14 161 15 162 16 163 17 164 14 165 15 166 16 167 17 168 14 169 15 170 16 171 17 172 11 173 12 174 14 175 11 176 12 177 14 178 11 179 12 180 14 181 16 182 18 183 15 184 16 185 19 186 20 187 16 188 17 189 19 190 20 191 16 192 19 193 20 194 19 195 20 196 19 197 20 198 21 199 21 200 22 201 21 202 22 203 21 204 23 205 21 206 21 207 21 208 16 209 18 210 21 211 22 212 24 213 21 214 22 215 24 216 21 217 22 218 24 219 21 220 22 221 24 222 21 223 22 224 21 225 22 226 21 227 22 228 16 229 17 230 18 231 22 232 24 233 16 234 17 235 18 236 24 237 16 238 17 239 18 240 24 241 16 242 18 243 24 244 16 245 18 246 24 247 16 248 17 249 18 250 21 251 22 252 24 253 16 254 18 255 21 256 22 257 24 258 21 259 22 260 24 261 21 262 22 263 24 264 21 265 22 266 24 267 5 268 17 269 25 270 4 271 5 272 25 273 5 274 17 275 25 276 5 277 17 278 25 279 15 280 16 281 17 282 25 283 16 284 17 285 18 286 14 287 15 288 16 289 17 290 16 291 17 292 25 293 15 294 16 295 17 296 16 297 17 298 18 299 24 300 5 301 17 302 25 303 16 304 17 305 25 306 16 307 17 308 18 309 3 310 5 311 4 312 5 313 3 314 4 315 5 316 3 317 4 318 5 319 3 320 4 321 5 322 3 323 4 324 5 325 4 326 5 327 3 328 5 329 3 330 4 331 5 332 4 333 5 334</v>
        </vertex_weights>
      </skin>
    </controller>
  </library_controllers>
  <library_animations>
    <animation id="mixamorig_Hips-anim" name="mixamorig_Hips">
      <source id="mixamorig_Hips-Matrix-animation-input">
        <float_array id="mixamorig_Hips-Matrix-animation-input-array" count="23">

0.000000 0.033333 0.066667 0.100000 0.133333 0.166667 0.200000 0.233333 0.266667 0.300000 0.333333 0.366667 0.400000 0.433333 0.466667 0.500000
0.533333 0.566667 0.600000 0.633333 0.666667 0.700000 0.733333</float_array>
        <technique_common>
          <accessor source="#mixamorig_Hips-Matrix-animation-input-array" count="23">
            <param name="TIME" type="float"/>
          </accessor>
        </technique_common>
      </source>
      <source id="mixamorig_Hips-Matrix-animation-output-transform">
        <float_array id="mixamorig_Hips-Matrix-animation-output-transform-array" count="368">

0.943008 0.113243 -0.312909 0.001888 -0.222426 0.913901 -0.339576 0.349308 0.247513 0.389822 0.887004 0.000922 0.000000 0.000000 0.000000 1.000000
0.962100 0.034351 -0.270526 0.003958 -0.131521 0.927482 -0.349970 0.356980 0.238887 0.372286 0.896848 0.003353 0.000000 0.000000 0.000000 1.000000
0.984717 -0.050222 -0.166761 0.004966 -0.018489 0.921963 -0.386836 0.369563 0.173175 0.384008 0.906945 0.005967 0.000000 0.000000 0.000000 1.000000
0.995450 -0.077133 -0.055946 0.004753 0.047440 0.910383 -0.411038 0.380925 0.082636 0.406514 0.909900 0.006106 0.000000 0.000000 0.000000 1.000000
0.998429 -0.049350 0.026535 0.004694 0.055913 0.908291 -0.414586 0.388315 -0.003641 0.415419 0.909623 0.004260 0.000000 0.000000 0.000000 1.000000
0.997055 -0.026935 0.071811 0.005153 0.052872 0.919655 -0.389152 0.387842 -0.055559 0.391803 0.918370 -0.001141 0.000000 0.000000 0.000000 1.000000
0.995558 -0.043702 0.083397 0.005939 0.070161 0.935024 -0.347575 0.381875 -0.062788 0.351882 0.933936 -0.007056 0.000000 0.000000 0.000000 1.000000
0.994634 -0.070219 0.075983 0.006961 0.091142 0.942238 -0.322304 0.372990 -0.048963 0.327500 0.943582 -0.014708 0.000000 0.000000 0.000000 1.000000
0.990394 -0.104119 0.090988 0.008605 0.127685 0.941193 -0.312812 0.359929 -0.053068 0.321425 0.945447 -0.026753 0.000000 0.000000 0.000000 1.000000
0.979061 -0.137080 0.150493 0.009109 0.178894 0.932164 -0.314751 0.347520 -0.097138 0.335082 0.937168 -0.039883 0.000000 0.000000 0.000000 1.000000
0.967082 -0.107220 0.230775 0.007091 0.179494 0.930268 -0.319975 0.338508 -0.180375 0.350864 0.918890 -0.042125 0.000000 0.000000 0.000000 1.000000
0.960385 -0.040378 0.275737 0.005257 0.132025 0.937287 -0.322587 0.339396 -0.245419 0.346212 0.905487 -0.034504 0.000000 0.000000 0.000000 1.000000
0.968019 0.026023 0.249523 0.004495 0.062595 0.938096 -0.340674 0.350511 -0.242942 0.345398 0.906465 -0.024246 0.000000 0.000000 0.000000 1.000000
0.985316 0.094446 0.142242 0.004033 -0.037049 0.931497 -0.361857 0.364150 -0.166674 0.351273 0.921318 -0.015998 0.000000 0.000000 0.000000 1.000000
0.991194 0.132123 0.008854 0.003974 -0.119442 0.920918 -0.371004 0.376261 -0.057172 0.366680 0.928589 -0.012261 0.000000 0.000000 0.000000 1.000000
0.991084 0.112655 -0.071140 0.003388 -0.131431 0.914230 -0.383287 0.387903 0.021859 0.389220 0.920886 -0.009558 0.000000 0.000000 0.000000 1.000000
0.991710 0.092051 -0.089652 0.003210 -0.119260 0.919110 -0.375517 0.391130 0.047834 0.383096 0.922469 -0.010548 0.000000 0.000000 0.000000 1.000000
0.992416 0.085413 -0.088398 0.003628 -0.111348 0.929295 -0.352154 0.387884 0.052070 0.359326 0.931758 -0.010789 0.000000 0.000000 0.000000 1.000000
0.991065 0.089295 -0.099083 0.003127 -0.118008 0.933240 -0.339318 0.378142 0.062168 0.347979 0.935439 -0.008390 0.000000 0.000000 0.000000 1.000000
0.981701 0.122924 -0.145443 0.001408 -0.165836 0.927275 -0.335649 0.364062 0.093606 0.353626 0.930691 -0.008619 0.000000 0.000000 0.000000 1.000000
0.957484 0.179726 -0.225661 0.000474 -0.251713 0.902634 -0.349130 0.351726 0.140941 0.391088 0.909497 -0.014776 0.000000 0.000000 0.000000 1.000000
0.940467 0.169190 -0.294782 0.001037 -0.272980 0.892710 -0.358539 0.344941 0.202494 0.417664 0.885750 -0.012734 0.000000 0.000000 0.000000 1.000000
0.943008 0.113244 -0.312910 0.001888 -0.222427 0.913901 -0.339576 0.349308 0.247513 0.389822 0.887004 0.000922 0.000000 0.000000 0.000000 1.000000</float_array>
        <technique_common>
          <accessor source="#mixamorig_Hips-Matrix-animation-output-transform-array" count="23" stride="16">
            <param type="float4x4"/>
          </accessor>
        </technique_common>
      </source>
      <source id="mixamorig_Hips-Interpolations">
        <Name_array id="mixamorig_Hips-Interpolations-array" count="23">
 LINEAR LINEAR LINEAR LINEAR LINEAR LINEAR LINEAR LINEAR LINEAR LINEAR LINEAR
LINEAR LINEAR LINEAR LINEAR LINEAR LINEAR LINEAR LINEAR LINEAR LINEAR LINEAR LINEAR</Name_array>
        <technique_common>
          <accessor source="#mixamorig_Hips-Interpolations-array" count="23">
            <param type="name"/>
          </accessor>
        </technique_common>
      </source>
      <sampler id="mixamorig_Hips-Matrix-animation-transform">
        <input semantic="INPUT" source="#mixamorig_Hips-Matrix-animation-input"/>
        <input semantic="OUTPUT" source="#mixamorig_Hips-Matrix-animation-output-transform"/>
        <input semantic="INTERPOLATION" source="#mixamorig_Hips-Interpolations"/>
      </sampler>
      <channel source="#mixamorig_Hips-Matrix-animation-transform" target="mixamorig_Hips/matrix"/>
    </animation>
    <animation id="mixamorig_Spine-anim" name="mixamorig_Spine">
      <source id="mixamorig_Spine-Matrix-animation-input">
        <float_array id="mixamorig_Spine-Matrix-animation-input-array" count="23">

0.000000 0.033333 0.066667 0.100000 0.133333 0.166667 0.200000 0.233333 0.266667 0.300000 0.333333 0.366667 0.400000 0.433333 0.466667 0.500000
0.533333 0.566667 0.600000 0.633333 0.666667 0.700000 0.733333</float_array>
        <technique_common>
          <accessor source="#mixamorig_Spine-Matrix-animation-input-array" count="23">
            <param name="TIME" type="float"/>
          </accessor>
        </technique_common>
      </source>
      <source id="mixamorig_Spine-Matrix-animation-output-transform">
        <float_array id="mixamorig_Spine-Matrix-animation-output-transform-array" count="368">

0.971012 -0.078539 0.225760 0.000000 0.127675 0.968876 -0.212080 0.028565 -0.202077 0.234756 0.950818 -0.000776 0.000000 0.000000 0.000000 1.000000
0.959836 0.012047 0.280304 -0.000000 0.045677 0.979038 -0.198489 0.028565 -0.276820 0.203321 0.939165 -0.000776 0.000000 0.000000 0.000000 1.000000
0.951228 0.098365 0.292385 -0.000000 -0.049697 0.984284 -0.169456 0.028565 -0.304458 0.146661 0.941167 -0.000776 0.000000 0.000000 0.000000 1.000000
0.952437 0.130069 0.275583 -0.000000 -0.094624 0.985863 -0.138278 0.028565 -0.289673 0.105624 0.951280 -0.000776 0.000000 0.000000 0.000000 1.000000
0.964281 0.107329 0.242162 0.000000 -0.082922 0.990594 -0.108850 0.028565 -0.251567 0.084882 0.964111 -0.000776 0.000000 0.000000 0.000000 1.000000
0.975919 0.089996 0.198701 0.000000 -0.068390 0.991232 -0.113054 0.028565 -0.207133 0.096742 0.973518 -0.000776 0.000000 0.000000 0.000000 1.000000
0.977975 0.114575 0.174463 0.000000 -0.089915 0.985595 -0.143239 0.028565 -0.188362 0.124398 0.974190 -0.000776 0.000000 0.000000 0.000000 1.000000
0.975112 0.152915 0.160544 0.000000 -0.125683 0.977756 -0.167917 0.028565 -0.182650 0.143560 0.972640 -0.000776 0.000000 0.000000 0.000000 1.000000
0.975400 0.190988 0.110086 -0.000000 -0.167788 0.967109 -0.191176 0.028565 -0.142978 0.168002 0.975363 -0.000776 0.000000 0.000000 0.000000 1.000000
0.975880 0.218049 0.010621 0.000000 -0.210968 0.954466 -0.210919 0.028565 -0.056128 0.203591 0.977446 -0.000776 0.000000 0.000000 0.000000 1.000000
