<?xml version="1.0" encoding="utf-8"?>
<COLLADA xmlns="http://www.collada.org/2005/11/COLLADASchema" version="1.4.1">
  <asset>
    <contributor>
      <author>Mixamo</author>
      <authoring_tool>COLLADA Mixamo exporter</authoring_tool>
      <comments/>
    </contributor>
    <created>2024-05-21T10:18:55Z</created>
    <modified>2024-05-21T10:18:55Z</modified>
    <revision/>
    <title/>
    <unit meter="0.010000"/>
    <up_axis>Y_UP</up_axis>
  </asset>
  <library_geometries>
    <geometry id="cfpoly-lib" name="cfpolyMesh">
      <mesh>
        <source id="cfpoly-lib-Position" name="position">
          <float_array id="cfpoly-lib-Position-array" count="387"> -0.091700 0.044800 -0.053700 -0.073700 0.050100 0.006800 -0.048800 0.044400 -0.049700 -0.074100 -0.000700 -0.061800 -0.110200 0.000200 0.026700 -0.038000 0.000400 0.030400 -0.077200 0.023200 0.062600 -0.078700 -0.000600 0.073500 -0.080300 0.226500 -0.018300 -0.071900 0.026600 -0.012200 -0.055300 0.235900 0.006800 -0.035300 0.232400 -0.018700 -0.082500 0.026800 -0.021600 -0.055200 0.195300 -0.049600 -0.060300 0.026700 -0.021900 -0.071400 0.026100 -0.035400 -0.061700 0.375000 -0.022000 -0.111000 0.294800 -0.022300 -0.043400 0.317600 0.021600 -0.035100 0.379200 0.003600 -0.000845 0.353580 -0.021426 -0.034700 0.379200 -0.049100 -0.053000 0.206800 -0.021900 -0.043000 0.317400 -0.077500 0.073200 0.050100 0.007400 0.091300 0.044000 -0.052800 0.048400 0.043700 -0.049800 0.073600 -0.000500 -0.061300 0.037600 0.000200 0.029800 0.108800 -0.000500 0.025900 0.076200 0.023100 0.062100 0.077200 -0.000900 0.074000 0.059900 0.025600 -0.021900 0.056100 0.235900 0.006900 0.035100 0.232400 -0.018800 0.080000 0.226400 -0.018200 0.072500 0.025600 -0.012100 0.056000 0.195400 -0.049500 0.082100 0.025700 -0.021600 0.072000 0.026100 -0.035300 0.002939 0.353642 -0.022227 0.043300 0.317600 0.021600 0.035100 0.379200 0.003600 0.034800 0.379200 -0.049100 0.061700 0.375000 -0.022000 0.052700 0.206800 -0.021900 0.043000 0.317400 -0.077500 0.110900 0.294700 -0.022200 -0.170800 0.291400 0.005700 -0.125800 0.270700 0.005800 -0.116700 0.325400 0.003700 -0.164400 0.339100 0.002900 -0.116200 0.326300 -0.054300 -0.163500 0.339900 -0.054000 -0.170500 0.292300 -0.056500 -0.125600 0.270600 -0.056400 -0.098000 0.408500 -0.064600 -0.123300 0.446800 -0.028100 -0.098100 0.408700 0.007900 -0.163800 0.419700 -0.029200 -0.132800 0.321700 -0.010600 -0.132200 0.321500 -0.047000 -0.157800 0.326700 -0.028900 -0.122900 0.522700 -0.029200 -0.053900 0.572000 0.032400 -0.162400 0.571200 -0.029400 -0.107400 0.628400 -0.030000 -0.053800 0.571600 -0.088400 -0.087000 0.514500 -0.010100 -0.086900 0.515400 -0.048500 -0.138700 0.428700 -0.029900 -0.113300 0.423700 -0.014000 -0.112500 0.423400 -0.046000 0.041900 0.583900 -0.029300 -0.041900 0.583900 -0.029300 0.000000 0.553395 -0.060195 -0.045000 0.626800 -0.029300 0.000000 0.569200 0.015700 0.000000 0.655100 -0.050200 0.000000 0.626800 0.018800 0.045000 0.626800 -0.029300 0.164400 0.339800 0.003800 0.164000 0.339500 -0.053500 0.117100 0.325700 -0.053800 0.116500 0.325900 0.003400 0.171400 0.292200 0.006800 0.126000 0.271200 0.006600 0.125400 0.270800 -0.056100 0.170800 0.291800 -0.055800 0.123100 0.446700 -0.028400 0.098900 0.408900 0.008200 0.164100 0.419800 -0.028000 0.098900 0.408600 -0.065000 0.133100 0.321600 -0.047100 0.132500 0.321700 -0.010100 0.158200 0.326800 -0.028200 0.087400 0.515400 -0.048000 0.053300 0.571900 0.031900 0.053500 0.571400 -0.088900 0.109100 0.628800 -0.029900 0.161800 0.571100 -0.029600 0.087900 0.514600 -0.009800 0.123000 0.522700 -0.029500 0.112400 0.423500 -0.013700 0.113200 0.423500 -0.045400 0.138800 0.428700 -0.029600 0.031400 0.475000 -0.046100 -0.000000 0.408000 -0.019900 -0.031400 0.475000 -0.046100 -0.031400 0.466600 0.012600 -0.072200 0.504300 -0.062800 0.072200 0.504300 -0.062800 -0.064900 0.574500 -0.060700 -0.047100 0.504300 0.036600 -0.051300 0.550400 0.028300 0.064900 0.574500 -0.060700 0.031400 0.466600 0.012600 0.047100 0.504300 0.036600 0.051300 0.550400 0.028300 -0.039800 0.432100 -0.053400 0.053400 0.399600 -0.056500 -0.053400 0.399600 -0.056500 -0.000000 0.350400 -0.041900 0.000000 0.350400 0.005200 -0.034500 0.399600 0.019900 0.039800 0.432100 -0.053400 -0.025100 0.432100 0.015700 0.034600 0.399600 0.019900 0.025100 0.432100 0.015700</float_array>
          <technique_common>
            <accessor count="129" source="#cfpoly-lib-Position-array" stride="3">
              <param name="X" type="float"/>
              <param name="Y" type="float"/>
              <param name="Z" type="float"/>
            </accessor>
          </technique_common>
        </source>
        <source id="cfpoly-lib-Normal0" name="normal">
          <float_array id="cfpoly-lib-Normal0-array" count="654"> 0.018200 0.995584 -0.092098 0.094299 0.208397 -0.973488 -0.761278 0.625282 0.171695 -0.889264 -0.280889 -0.360986 0.724364 0.640768 0.254387 0.858399 -0.391399 -0.331599 0.671399 0.650099 0.355800 -0.726711 0.635510 0.260804 0.003700 -0.999822 -0.018500 -0.789973 0.294690 0.537681 0.002200 -0.999941 0.010600 0.698801 0.261000 0.666001 -0.706784 -0.008000 0.707384 -0.129593 0.963951 -0.232388 0.773085 -0.117698 0.623288 -0.663529 -0.005100 0.748133 -0.771293 0.019100 -0.636194 0.638997 -0.089400 0.763996 0.769595 -0.126399 -0.625896 -0.781629 0.022901 -0.623323 -0.095894 0.666456 -0.739351 0.887343 -0.101405 -0.449822 -0.590477 0.360286 0.722171 -0.687325 0.287511 0.667025 0.599308 0.800511 0.003600 0.599308 0.800511 0.003500 -0.152500 0.988302 -0.001800 0.489428 -0.177210 0.853848 0.489495 -0.177298 0.853791 0.991099 -0.113300 0.069900 0.845232 -0.299011 -0.442917 0.709718 0.213305 -0.671417 0.709591 0.213497 -0.671491 -0.683939 0.378722 -0.623536 -0.449105 -0.292603 0.844209 -0.520275 -0.345784 -0.780863 -0.654328 0.403717 -0.639427 -0.013400 0.994393 -0.104899 -0.068899 0.214096 -0.974380 -0.732448 0.634055 0.247982 -0.853975 -0.399388 -0.333490 0.775897 0.607298 0.170799 0.888832 -0.285010 -0.358813 0.740781 0.617184 0.265193 -0.678497 0.643297 0.354698 -0.010400 -0.999838 -0.014701 -0.709116 0.289507 0.642915 -0.009600 -0.999946 0.003900 0.797666 0.295087 0.525978 -0.762373 -0.101196 0.639177 0.131205 0.961938 -0.239709 0.722472 -0.006000 0.691374 -0.610073 -0.118295 0.783465 -0.873475 -0.097597 -0.476986 0.704594 -0.004800 0.709594 0.806103 0.018000 -0.591502 -0.734385 -0.125197 -0.667086 0.097897 0.667683 -0.737981 0.781914 0.021600 -0.623011 -0.678999 0.121000 0.724099 -0.679007 0.120901 0.724108 -0.624509 0.781012 0.003000 -0.624399 0.781099 0.003200 0.687063 0.286185 0.667864 -0.809513 -0.273304 0.519608 -0.722905 0.206701 -0.659305 -0.723111 0.206603 -0.659110 0.154093 0.988055 -0.001400 0.685396 0.377798 -0.622496 -0.855163 -0.290687 -0.429182 0.655825 0.402715 -0.638525 0.589504 0.359402 0.723405 0.520685 -0.346490 -0.780277 0.447783 -0.293589 0.844568 0.014701 0.036002 0.999244 0.000600 0.058599 0.998281 0.276702 0.960806 0.017000 0.276791 0.960767 0.017699 0.276793 0.960777 0.017100 0.275910 0.961033 0.017001 -0.990771 0.135496 -0.003800 -0.989500 0.144100 -0.011200 -0.989369 0.144895 -0.012400 -0.990932 0.134304 -0.003900 0.018899 0.036199 -0.999166 0.009500 0.051102 -0.998648 -0.435083 -0.900264 -0.015099 -0.417002 -0.908905 0.001000 0.986608 -0.163001 0.005900 0.986642 -0.162807 0.005600 0.986007 -0.166601 0.005900 0.986655 -0.162793 0.003300 0.833983 0.551789 -0.000800 -0.359007 0.505309 0.784714 -0.490028 0.010001 0.871649 -0.331397 0.526995 -0.782593 0.930841 -0.365416 0.002300 -0.593766 -0.035498 0.803854 -0.569493 0.058799 -0.819890 0.927579 -0.373292 0.015800 -0.477494 -0.033700 -0.877989 -0.457604 -0.369803 0.808607 -0.447605 0.437305 0.780009 0.726435 0.687233 -0.001700 -0.501319 -0.308412 0.808431 0.869587 -0.493693 -0.009300 -0.436282 0.411183 -0.800367 -0.443487 -0.364589 -0.818776 0.862410 -0.506206 0.002400 -0.456510 0.070502 0.886920 -0.497220 -0.287711 -0.818532 0.959953 -0.278915 0.026401 -0.512500 0.112400 0.851299 -0.457901 0.083200 -0.885101 0.963359 -0.268189 -0.003800 -0.196596 -0.980480 0.003000 -0.503795 0.116799 -0.855891 0.000200 -0.977441 0.211209 -0.000200 -0.977441 0.211209 0.000000 -0.712883 0.701283 -0.613973 -0.044598 -0.788066 -0.613906 -0.044800 -0.788107 -0.613690 -0.044599 -0.788287 0.000000 -0.950870 -0.309590 -0.463918 0.086603 -0.881635 -0.737295 -0.036300 0.674595 -0.729497 -0.053400 0.681897 0.737295 -0.036300 0.674595 -0.375502 0.857704 0.351202 0.375502 0.857704 0.351202 0.729497 -0.053400 0.681897 0.613903 -0.044900 -0.788104 0.614019 -0.044701 -0.788024 0.613835 -0.045103 -0.788145 0.463918 0.086603 -0.881635 -0.281092 0.959673 -0.004000 -0.281607 0.959523 -0.003700 -0.280604 0.959813 -0.004500 -0.279693 0.960075 -0.005300 -0.030601 0.055001 0.998017 -0.026301 0.058702 0.997929 -0.030401 0.054702 0.998040 -0.029901 0.053002 0.998147 0.418385 -0.908268 0.001900 0.418709 -0.908119 0.001900 -0.014100 0.045199 -0.998878 -0.013601 0.046202 -0.998840 -0.012700 0.040001 -0.999119 -0.008100 0.047801 -0.998824 -0.985302 -0.170500 0.010500 -0.988773 -0.149096 -0.009900 0.989416 0.144902 -0.007700 0.989383 0.144998 -0.009800 0.989835 0.142005 -0.007800 0.989406 0.144801 -0.010400 0.340998 0.531197 0.775596 -0.843659 0.536874 -0.002400 -0.930611 -0.366004 0.001900 0.350287 0.523081 -0.776972 0.484180 0.003100 0.874963 -0.934030 -0.356912 -0.014200 0.606008 -0.036701 -0.794611 0.581203 -0.039400 0.812804 0.491679 0.014099 -0.870662 -0.855572 -0.517683 -0.000200 -0.855385 -0.517991 0.001100 -0.716586 0.697487 -0.004000 0.450788 0.415789 0.789879 -0.856034 -0.516920 0.000100 0.517008 -0.413806 0.749311 0.465472 -0.319581 0.825351 0.452719 -0.330514 -0.828134 0.441291 0.398792 -0.803883 0.472805 0.089501 0.876610 0.486101 -0.390501 -0.781802 -0.965601 -0.258900 -0.024200 0.501802 0.083900 0.860904 0.442811 0.099102 -0.891121 -0.962807 -0.270102 0.006900 0.198094 -0.980173 0.004500 0.510424 0.086704 -0.855541 0.000000 -0.364207 -0.931318 -0.546694 -0.828891 -0.118599 0.000000 -0.496128 -0.868249 0.000000 -0.496010 -0.868317 0.000000 0.029399 -0.999568 0.000000 0.029099 -0.999577 -0.845923 -0.488614 0.213706 -0.979659 0.096596 0.175893 0.000000 0.029599 -0.999562 0.546694 -0.828891 -0.118599 -0.968615 -0.044201 0.244604 0.000000 -0.538395 0.842692 0.000000 0.965228 0.261408 0.000000 0.178797 0.983886 0.000000 0.178894 0.983868 0.846081 -0.488389 0.213595 0.979659 0.096596 0.175893 0.893879 -0.443789 -0.063498 0.968617 -0.043601 0.244704 0.000000 -0.484301 0.874902 -0.893879 -0.443789 -0.063498 0.000000 0.096305 -0.995352 0.000000 0.096295 -0.995353 -0.677615 -0.735417 0.000000 -0.775618 -0.601514 0.191304 0.000000 0.096404 -0.995342 0.000000 1.000000 0.000000 0.677615 -0.735417 0.000000 0.000000 -0.285402 0.958408 0.000000 0.128193 0.991749 0.000000 0.127800 0.991800 0.775601 -0.601601 0.191100 0.911395 0.363098 0.193699 0.926590 0.298697 0.228498 -0.906437 0.357914 0.224209 0.000000 -0.285494 -0.958380 -0.934152 0.296785 0.198190</float_array>
          <technique_common>
            <accessor count="218" source="#cfpoly-lib-Normal0-array" stride="3">
              <param name="X" type="float"/>
              <param name="Y" type="float"/>
              <param name="Z" type="float"/>
            </accessor>
          </technique_common>
        </source>
        <source id="cfpoly-lib-UV0" name="map1">
          <float_array id="cfpoly-lib-UV0-array" count="250"> 0.430800 0.004100 0.004100 0.443000 0.589300 0.211300 0.349500 0.703100 0.609600 0.162600 0.674600 0.150400 0.634000 0.203200 0.544600 1.032200 0.788400 0.373900 0.552700 1.032200 0.837200 0.325100 0.544600 0.186900 0.028400 0.646200 0.524200 0.126000 0.552700 0.890000 0.532400 0.731500 0.195100 0.922500 0.365800 0.195100 0.117900 0.487700 0.016300 0.540500 0.552700 0.195100 0.556800 0.694900 0.353600 0.890000 0.682700 0.105700 0.727400 0.942800 0.004100 0.447000 0.617700 0.178800 0.361700 0.727400 0.581100 0.191000 0.341400 0.682700 0.625800 0.182900 0.678700 0.170700 0.548600 1.032200 0.845300 0.341400 0.780300 0.349500 0.520200 0.121900 0.028400 0.654300 0.544600 0.199100 0.532400 0.743700 0.552700 0.881900 0.191000 0.918500 0.394200 0.219500 0.365800 0.881900 0.349500 0.890000 0.353600 0.186900 0.491700 0.020300 0.000000 0.499900 0.528300 0.662400 0.487700 1.011900 1.016000 0.552700 0.512100 0.369800 0.150400 0.402300 0.288500 0.203200 0.569000 0.174700 0.280400 0.967200 0.605500 0.361700 0.564900 1.020100 0.739600 0.178800 0.345400 0.211300 0.089400 0.426700 0.682700 0.369800 0.353600 0.991600 0.731500 0.983500 0.520200 0.166600 0.552700 0.361700 0.516100 1.024100 1.032200 0.520200 0.516100 -0.445700 0.167600 0.500500 0.268400 0.564800 -0.019100 0.500500 1.051300 0.500500 0.351400 1.272400 0.680800 1.272400 0.864700 0.500500 0.763800 0.564800 0.000000 0.508000 0.491700 0.004100 1.020100 0.536400 0.487700 1.028200 0.495800 0.434800 0.540500 0.597400 0.288500 0.154400 0.150400 0.459200 0.605500 0.438900 0.280400 0.946900 0.569000 0.121900 0.564900 0.995700 0.682700 0.443000 0.085300 0.471400 0.349500 0.154400 0.739600 0.134100 0.731500 0.967200 0.357600 0.967200 0.520200 0.113800 0.552700 0.438900 0.516100 1.003800 0.516100 0.329200 0.239800 0.085300 0.516100 0.256000 0.516100 0.524200 0.077200 0.264200 0.008100 0.564900 0.792500 0.085300 0.016300 0.499900 0.516100 0.231600 0.516100 1.016000 0.516100 0.613700 0.955000 0.264200 1.024100 0.564900 0.979400 0.284500 1.016000 0.499900 0.516100 0.268200 0.052800 0.284500 0.516100 0.573000 0.166600 0.134100 0.113800 0.207300 0.516100 1.032200 0.865600 0.134100 0.516100 0.369800 0.516100 0.581100 0.918500 0.207300 0.991600 0.682700 0.040600 0.682700 0.516100 0.365800</float_array>
          <technique_common>
            <accessor count="125" source="#cfpoly-lib-UV0-array" stride="2">
              <param name="S" type="float"/>
              <param name="T" type="float"/>
            </accessor>
          </technique_common>
        </source>
        <vertices id="cfpoly-lib-Vertex">
          <input semantic="POSITION" source="#cfpoly-lib-Position"/>
        </vertices>
        <polylist count="192">
          <input semantic="VERTEX" offset="0" source="#cfpoly-lib-Vertex"/>
          <input semantic="NORMAL" offset="1" source="#cfpoly-lib-Normal0"/>
          <input semantic="TEXCOORD" offset="2" set="0" source="#cfpoly-lib-UV0"/>
          <vcount> 3 3 3 3 3 3 3 3 3 3 3 3 3 3 3 3 3 3 3 3 3 3 3 3 3 3 3 3 3 3 3 3 3 3 3 3 3 3 3 3 3 3 3 3 3 3 3 3 3 3 3 3 3 3 3 3 3 3 3 3 3 3 3 3 3 3 3 3 3 3 3 3 3 3 3 3 3 3 3 3 3 3 3 3 3 3 3 3 3 3 3 3 3 3 3 3 3 3 3 3 3 3 3 3 3 3 3 3 3 3 3 3 3 3 3 3 3 3 3 3 3 3 3 3 3 3 3 3 3 3 3 3 3 3 3 3 3 3 3 3 3 3 3 3 3 3 3 3 3 3 3 3 3 3 3 3 3 3 3 3 3 3 3 3 3 3 3 3 3 3 3 3 3 3 3 3 3 3 3 3 3 3 3 3 3 3 3 3 3 3 3 3</vcount>
          <p> 0 0 0 1 0 0 2 0 0 3 1 1 0 1 1 2 1 1 4 2 2 1 2 2 0 2 2 3 3 3 4 3 3 0 3 3 1 4 4 5 4 4 2 4 4 2 5 3 5 5 3 3 5 3 6 6 5 5 6 5 1 6 5 1 7 6 4 7 6 6 7 6 4 8 7 5 8 7 7 8 7 6 9 8 4 9 8 7 9 8 5 10 9 4 10 9 3 10 9 5 11 10 6 11 10 7 11 10 8 12 11 9 12 11 10 12 11 8 13 12 10 13 12 11 13 12 9 14 13 11 14 13 10 14 13 8 15 11 12 15 11 9 15 11 13 16 14 12 16 14 8 16 14 9 17 13 14 17 13 11 17 13 14 18 15 15 18 15 13 18 15 13 19 14 15 19 14 12 19 14 13 20 16 8 20 16 11 20 16 14 21 15 13 21 15 11 21 15 16 22 17 17 22 17 18 22 17 16 23 17 18 23 17 19 23 17 20 24 18 21 24 18 19 25 18 19 26 19 21 26 19 16 26 19 22 27 20 20 28 20 19 28 20 22 29 20 19 29 20 18 29 20 20 30 21 22 30 21 23 30 21 20 31 21 23 32 21 21 32 21 16 33 22 21 33 22 23 33 22 22 34 23 18 34 23 17 34 23 22 35 24 17 35 24 23 35 24 16 36 22 23 36 22 17 36 22 24 37 0 25 37 0 26 37 0 25 38 25 27 38 25 26 38 25 28 39 26 24 39 26 26 39 26 28 40 27 26 40 27 27 40 27 24 41 28 29 41 28 25 41 28 27 42 29 25 42 29 29 42 29 29 43 30 24 43 30 30 43 30 28 44 31 30 44 31 24 44 31 28 45 32 29 45 32 31 45 32 30 46 33 28 46 33 31 46 33 29 47 9 28 47 9 27 47 9 29 48 34 30 48 34 31 48 34 32 49 35 33 49 35 34 49 35 34 50 36 33 50 36 35 50 36 36 51 37 35 51 37 33 51 37 32 52 35 36 52 35 33 52 35 37 53 38 32 53 38 34 53 38 36 54 37 38 54 37 35 54 37 35 55 39 38 55 39 39 55 39 37 56 38 39 56 38 32 56 38 37 57 40 34 57 40 35 57 40 35 58 39 39 58 39 37 58 39 40 59 20 41 60 20 42 59 20 43 61 18 40 61 18 42 62 18 41 63 41 44 63 41 42 63 41 40 64 20 45 64 20 41 64 20 46 65 21 40 66 21 43 66 21 43 67 19 42 67 19 44 67 19 44 68 42 46 68 42 43 68 42 46 69 21 45 69 21 40 69 21 46 70 43 44 70 43 47 70 43 41 71 44 47 71 44 44 71 44 47 72 24 45 72 24 46 72 24 47 73 23 41 73 23 45 73 23 48 74 45 49 74 45 50 74 45 48 75 45 50 75 45 51 75 45 52 76 46 53 77 46 51 78 46 52 76 46 51 78 46 50 79 46 54 80 47 51 81 47 53 82 47 54 80 47 48 83 47 51 81 47 52 84 48 55 84 48 54 84 48 52 85 48 54 85 48 53 85 48 48 86 49 54 86 49 55 86 49 48 87 49 55 87 49 49 87 49 50 88 50 55 89 50 52 90 50 50 88 50 49 91 50 55 89 50 56 92 51 57 92 51 58 92 51 58 93 52 57 93 52 59 93 52 59 94 53 60 94 53 58 94 53 59 95 54 57 95 54 56 95 54 58 96 55 61 96 55 56 96 55 59 97 53 62 97 53 60 97 53 56 98 56 61 98 56 62 98 56 58 99 55 60 99 55 61 99 55 56 100 56 62 100 56 59 100 56 63 101 57 64 101 57 65 101 57 64 102 58 66 102 58 65 102 58 67 103 59 66 103 59 64 103 59 63 104 57 68 104 57 64 104 57 64 105 60 68 105 60 69 105 60 65 106 61 66 106 61 67 106 61 67 107 62 63 107 62 65 107 62 64 108 60 69 108 60 67 108 60 70 109 63 68 109 63 63 109 63 67 110 62 69 110 62 63 110 62 68 111 64 71 111 64 72 111 64 70 112 63 71 112 63 68 112 63 69 113 65 70 113 65 63 113 65 68 114 64 72 114 64 69 114 64 70 115 66 72 115 66 71 115 66 69 116 65 72 116 65 70 116 65 73 117 67 74 118 67 75 119 67 75 120 68 74 121 68 76 122 68 77 123 67 74 118 67 73 117 67 78 124 69 75 124 69 76 124 69 79 125 70 74 125 70 77 125 70 79 126 70 76 126 70 74 126 70 73 127 71 79 127 71 77 127 71 78 128 72 76 128 72 79 128 72 78 129 73 79 129 73 80 129 73 73 130 71 80 130 71 79 130 71 73 131 74 75 132 74 80 133 74 78 134 75 80 134 75 75 134 75 81 135 76 82 136 76 83 137 76 81 135 76 83 137 76 84 138 76 85 139 77 81 140 77 84 141 77 85 139 77 84 141 77 86 142 77 87 143 78 88 144 78 85 143 78 87 143 78 85 143 78 86 143 78 83 145 79 88 146 79 87 147 79 83 145 79 82 148 79 88 146 79 87 149 80 86 149 80 84 149 80 87 150 80 84 150 80 83 150 80 81 151 81 88 152 81 82 153 81 81 151 81 85 154 81 88 152 81 89 155 82 90 155 82 91 155 82 89 156 83 92 156 83 90 156 83 93 157 84 90 157 84 92 157 84 89 158 85 91 158 85 92 158 85 94 159 86 91 159 86 90 159 86 93 160 84 94 160 84 90 160 84 91 161 87 95 161 87 93 161 87 94 162 86 95 162 86 91 162 86 91 163 87 93 163 87 92 163 87 96 164 88 97 164 88 98 165 88 99 166 89 98 166 89 97 166 89 99 167 90 97 167 90 100 167 90 96 164 88 101 168 88 97 164 88 101 169 91 102 169 91 100 169 91 101 170 91 100 170 91 97 170 91 100 171 92 96 171 92 98 171 92 99 172 93 100 172 93 98 172 93 103 173 94 102 173 94 101 173 94 100 174 92 102 174 92 96 174 92 104 175 95 103 175 95 101 175 95 103 176 94 105 176 94 102 176 94 102 177 96 104 177 96 96 177 96 104 178 95 101 178 95 96 178 95 104 179 66 105 179 66 103 179 66 102 180 96 105 180 96 104 180 96 106 181 97 107 181 97 108 181 97 109 182 98 110 182 98 108 182 98 111 183 99 106 184 99 108 184 99 111 183 99 108 184 99 110 184 99 112 185 100 111 186 100 110 185 100 110 187 101 109 187 101 113 187 101 110 188 102 114 188 102 112 188 102 112 185 100 115 189 100 111 186 100 111 190 103 116 190 103 106 190 103 114 191 104 110 191 104 113 191 104 109 192 105 116 192 105 117 192 105 109 192 105 117 192 105 113 192 105 114 193 106 118 193 106 115 193 106 114 193 106 115 193 106 112 193 106 113 194 107 118 194 107 114 195 107 116 196 108 111 196 108 117 196 108 118 197 109 111 197 109 115 197 109 113 194 107 117 194 107 118 194 107 107 198 110 106 198 110 116 198 110 111 199 111 118 199 111 117 199 111 109 200 112 107 200 112 116 200 112 107 201 113 109 201 113 108 201 113 119 202 114 120 203 114 121 203 114 122 204 115 123 204 115 121 204 115 123 205 116 124 205 116 121 205 116 119 202 114 125 206 114 120 203 114 126 207 117 125 207 117 119 207 117 122 208 118 120 208 118 123 208 118 123 209 119 127 209 119 124 209 119 126 207 117 128 207 117 125 207 117 127 210 120 126 210 120 124 211 120 120 212 121 127 212 121 123 212 121 120 213 122 125 213 122 128 213 122 127 210 120 128 211 120 126 210 120 120 214 122 128 214 122 127 214 122 124 215 123 119 215 123 121 215 123 122 216 124 121 216 124 120 216 124 124 217 123 126 217 123 119 217 123</p>
        </polylist>
      </mesh>
    </geometry>
  </library_geometries>
  <library_controllers>
    <controller id="cfpolyController">
      <skin source="#cfpoly-lib">
        <bind_shape_matrix>1.000000 -0.000000 0.000000 -0.000000 0.000000 1.000000 0.000000 -0.000000 -0.000000 -0.000000 1.000000 0.000000 0.000000 0.000000 0.000000 1.000000
</bind_shape_matrix>
        <source id="cfpolyController-Joints">
          <Name_array id="cfpolyController-Joints-array" count="26">
 mixamorig_RightLeg mixamorig_RightFoot mixamorig_RightToeBase
mixamorig_RightUpLeg mixamorig_Hips mixamorig_LeftUpLeg mixamorig_LeftLeg mixamorig_LeftFoot
mixamorig_LeftToeBase mixamorig_RightHandIndex2 mixamorig_RightHandIndex3 mixamorig_RightHand
mixamorig_RightForeArm mixamorig_RightHandIndex1 mixamorig_RightArm mixamorig_RightShoulder
mixamorig_Spine2 mixamorig_Spine1 mixamorig_LeftShoulder mixamorig_Neck mixamorig_Head
mixamorig_LeftHand mixamorig_LeftForeArm mixamorig_LeftHandIndex3 mixamorig_LeftArm
mixamorig_Spine</Name_array>
          <technique_common>
            <accessor source="#cfpolyController-Joints-array" count="26">
              <param type="name"/>
            </accessor>
          </technique_common>
        </source>
        <source id="cfpolyController-Matrices">
          <float_array id="cfpolyController-Matrices-array" count="416">

-0.996763 0.080380 -0.001356 -0.073313 -0.080339 -0.996583 -0.019189 0.229791 -0.002894 -0.019018 0.999815 0.023492 0.000000 0.000000 0.000000 1.000000
-0.995756 0.081110 -0.043487 -0.074238 -0.084724 -0.623351 0.777339 0.042428 0.035942 0.777724 0.627577 -0.021425 0.000000 0.000000 0.000000 1.000000
-0.994653 0.099141 -0.028908 -0.074715 -0.029128 -0.000768 0.999575 -0.041158 0.099076 0.995073 0.003652 0.007773 0.000000 0.000000 0.000000 1.000000
-0.991893 0.127060 -0.002143 -0.084048 -0.127078 -0.991752 0.016727 0.413901 -0.000000 0.016864 0.999858 0.015206 0.000000 0.000000 0.000000 1.000000
1.000000 0.000000 0.000000 -0.000300 -0.000000 1.000000 0.000000 -0.436612 0.000000 -0.000000 1.000000 0.022684 0.000000 0.000000 0.000000 1.000000
-0.991894 -0.127047 0.002507 0.084645 0.127071 -0.991700 0.019572 0.413859 0.000000 0.019732 0.999805 0.013573 0.000000 0.000000 0.000000 1.000000
-0.996762 -0.080394 0.001587 0.073917 0.080327 -0.996438 -0.025665 0.229610 0.003644 -0.025455 0.999669 0.024004 0.000000 0.000000 0.000000 1.000000
-0.995758 -0.081378 0.042942 0.074847 0.084333 -0.620497 0.779661 0.042515 -0.036802 0.779975 0.624727 -0.021361 0.000000 0.000000 0.000000 1.000000
-0.994682 -0.098847 0.028924 0.075307 0.029150 -0.000843 0.999575 -0.041399 -0.098780 0.995102 0.003719 0.007810 0.000000 0.000000 0.000000 1.000000
0.091832 -0.118767 -0.988666 0.024425 -0.980874 -0.181903 -0.069256 -0.095770 -0.171617 0.976118 -0.133200 -0.312124 0.000000 0.000000 0.000000 1.000000
0.091832 -0.118767 -0.988666 0.032115 -0.980874 -0.181903 -0.069256 -0.099574 -0.171617 0.976118 -0.133200 -0.304709 0.000000 0.000000 0.000000 1.000000
0.033444 0.117174 0.992548 -0.005885 -0.016276 -0.992908 0.117765 0.332783 0.999308 -0.020093 -0.031299 0.148574 0.000000 0.000000 0.000000 1.000000
0.006805 0.005654 0.999961 0.027781 -0.232624 -0.972541 0.007082 0.395467 0.972543 -0.232663 -0.005303 0.216516 0.000000 0.000000 0.000000 1.000000
0.091832 -0.118767 -0.988666 0.024425 -0.980874 -0.181903 -0.069256 -0.089462 -0.171617 0.976118 -0.133200 -0.312124 0.000000 0.000000 0.000000 1.000000
0.002986 -0.011716 0.999927 0.034880 -0.214747 -0.976610 -0.010802 0.538157 0.976665 -0.214700 -0.005433 0.209191 0.000000 0.000000 0.000000 1.000000
-0.000752 0.038724 0.999250 0.005732 -0.997265 -0.073879 0.002113 0.013063 0.073906 -0.996515 0.038674 0.576548 0.000000 0.000000 0.000000 1.000000
1.000000 -0.000000 0.000000 -0.000300 -0.000000 0.999261 -0.038445 -0.536057 -0.000000 0.038445 0.999261 0.005882 0.000000 0.000000 0.000000 1.000000
1.000000 -0.000000 0.000000 -0.000300 -0.000000 0.999261 -0.038445 -0.498383 -0.000000 0.038445 0.999261 0.005882 0.000000 0.000000 0.000000 1.000000
-0.004984 -0.038699 -0.999238 -0.005744 0.997265 -0.073876 -0.002113 0.012344 -0.073738 -0.996516 0.038962 0.576601 0.000000 0.000000 0.000000 1.000000
1.000000 -0.000000 0.000000 -0.000300 -0.000000 1.000000 -0.000000 -0.577787 -0.000000 0.000000 1.000000 0.028116 0.000000 0.000000 0.000000 1.000000
1.000000 -0.000000 0.000000 -0.000300 -0.000000 1.000000 -0.000000 -0.589282 -0.000000 0.000000 1.000000 0.027499 0.000000 0.000000 0.000000 1.000000
0.061237 -0.260668 -0.963484 0.051089 0.091331 -0.959783 0.265471 0.315058 -0.993936 -0.104252 -0.034968 0.176432 0.000000 0.000000 0.000000 1.000000
0.000288 -0.006028 -0.999982 -0.026273 0.232629 -0.972548 0.005929 0.395292 -0.972566 -0.232626 0.001122 0.217275 0.000000 0.000000 0.000000 1.000000
-0.264591 0.233615 0.935636 -0.013664 0.893115 0.425352 0.146362 -0.250628 -0.363783 0.874357 -0.321189 -0.196526 0.000000 0.000000 0.000000 1.000000
-0.001846 0.003679 -0.999992 -0.030239 0.214762 -0.976658 -0.003989 0.538243 -0.976665 -0.214767 0.001013 0.209996 0.000000 0.000000 0.000000 1.000000
1.000000 -0.000000 0.000000 -0.000300 -0.000000 0.999261 -0.038445 -0.465417 -0.000000 0.038445 0.999261 0.005882 0.000000 0.000000 0.000000 1.000000</float_array>
          <technique_common>
            <accessor source="#cfpolyController-Matrices-array" count="26" stride="16">
              <param type="float4x4"/>
            </accessor>
          </technique_common>
        </source>
        <source id="cfpolyController-Weights">
          <float_array id="cfpolyController-Weights-array" count="330">

1.000000 0.105183 0.894583 0.000234 0.096684 0.890610 0.012706 0.135395 0.863888 0.000717 0.044664 0.955336 0.000000 0.591629 0.408371 0.528516
0.471484 1.000000 1.000000 0.952813 0.047187 0.138723 0.850613 0.010664 0.894568 0.105432 0.895984 0.104016 0.102662 0.894130 0.003208 0.996847
0.003153 0.070543 0.919824 0.009634 0.070813 0.925684 0.003503 0.996023 0.003866 0.000111 0.000038 0.999962 1.000000 0.000000 0.992272 0.007691
0.000037 0.305761 0.022920 0.671320 0.947121 0.034375 0.018503 0.988349 0.011651 0.999598 0.000402 0.057441 0.902466 0.040092 0.063858 0.932819
0.003323 0.091799 0.904976 0.003226 0.012359 0.979710 0.007931 0.491585 0.508415 0.490638 0.509362 1.000000 1.000000 0.037344 0.943930 0.018726
0.197255 0.802745 0.171731 0.828269 0.071341 0.928659 0.078178 0.896564 0.025258 0.004031 0.995969 0.054004 0.926423 0.019573 0.025946 0.963273
0.010780 0.058708 0.019084 0.922208 1.000000 1.000000 1.000000 1.000000 0.021667 0.978333 1.000000 1.000000 1.000000 0.000000 1.000000 0.159936
0.840064 0.766711 0.233289 0.978397 0.021603 0.000000 0.224818 0.772473 0.002709 0.000000 1.000000 0.045170 0.941938 0.012893 0.000004 0.873600
0.126396 0.000000 0.204047 0.795953 0.000000 0.962905 0.037095 0.000000 0.941725 0.058275 0.869419 0.130581 0.932114 0.065867 0.002019 0.073437
0.797584 0.125994 0.002985 0.989401 0.009373 0.001226 0.058421 0.808252 0.014819 0.118509 0.942535 0.056806 0.000660 0.165746 0.834247 0.000007
0.204664 0.659110 0.000604 0.135621 0.840646 0.137406 0.007121 0.014828 0.855091 0.137182 0.002080 0.005647 0.000000 0.721274 0.278726 0.000000
0.756421 0.243579 0.000000 0.646116 0.353884 0.966254 0.033746 0.060725 0.939275 0.929332 0.070668 0.028966 0.971034 1.000000 0.008653 0.991347
0.021498 0.978502 0.034995 0.965005 1.000000 0.198786 0.801214 0.843999 0.156001 1.000000 1.000000 1.000000 1.000000 1.000000 0.000187 0.001158
0.000000 0.413069 0.585587 0.000000 0.978990 0.021010 0.000000 0.983429 0.016571 0.000000 0.932401 0.067599 0.856573 0.143427 0.920338 0.079662
0.938483 0.061517 0.058640 0.033830 0.382729 0.000328 0.524472 0.142939 0.063059 0.739219 0.054784 0.057157 0.094810 0.769845 0.078189 0.004806
0.793177 0.202017 0.000648 0.066964 0.932388 0.078349 0.386160 0.000000 0.000716 0.534775 0.004606 0.019257 0.000000 0.001257 0.974880 0.000000
0.869550 0.130450 0.000000 0.824182 0.175818 0.000000 0.886153 0.113847 0.089133 0.224657 0.686210 0.816598 0.113053 0.070349 0.098654 0.268384
0.632961 0.199429 0.160646 0.639925 0.102794 0.020481 0.876725 0.117655 0.769756 0.112589 0.171157 0.724505 0.021409 0.082930 0.169299 0.560194
0.270507 0.099077 0.587336 0.313587 0.208255 0.040306 0.702420 0.049019 0.191758 0.154649 0.653593 0.187375 0.533101 0.279524 0.726830 0.186918
0.086252 0.281592 0.718408 0.231022 0.768978 0.680298 0.310226 0.009476 0.308899 0.061504 0.629597 0.465219 0.068454 0.466327 0.679869 0.318311
0.001820 0.570643 0.429357 0.162198 0.837802 0.000000 0.275428 0.724572 0.713301 0.286699</float_array>
          <technique_common>
            <accessor source="#cfpolyController-Weights-array" count="330">
              <param type="float"/>
            </accessor>
          </technique_common>
        </source>
        <joints>
          <input semantic="JOINT" source="#cfpolyController-Joints"/>
          <input semantic="INV_BIND_MATRIX" source="#cfpolyController-Matrices"/>
        </joints>
        <vertex_weights count="129">
          <input semantic="JOINT" offset="0" source="#cfpolyController-Joints"/>
          <input semantic="WEIGHT" offset="1" source="#cfpolyController-Weights"/>
          <vcount>3 3 3 3 2 2 1 1 2 3 2 2 3 2 3 3 3 2 2 3 3 3 2 2 3 3 3 3 2 2 1 1 3 2 2 2 3 2 3 3 3 1 1 1 1 2 1 1 2 1 2 2 3 3 2 3 3 3 3 3 2 3 4 3 4 3 3 4 4 4 3 3 3 2 2 2 2 1 2 2 2 1 2 2 1 1 1 1 1 5 3 3 3 2 2 2 5 4 4 3 3 5 5 3 3 3 3 3 3 3 3 3 4 3 3 4 3 3 3 2 2 3 3 3 3 2 2 3 2</vcount>
          <v>0 1 1 2 2 3 0 4 1 5 2 6 0 7 1 8 2 9 0 10 1 11 2 12 1 13 2 14 1 15 2 16 2 17 2 18 0 19 3 20 0 21 1 22 2 23 0 24 3 25 0 26 3 27 0 28 1 29 2 30 0 31 3 32 0 33 1 34 2 35 0 36 1 37 2 38 3 39 4 40 5 41 0 42 3 43 3 44 5 45 3 46 4 47 5 48 3 49 4 50 5 51 3 52 4 53 5 54 0 55 3 56 3 57 5 58 6 59 7 60 8 61 6 62 7 63 8 64 6 65 7 66 8 67 6 68 7 69 8 70 7 71 8 72 7 73 8 74 8 75 8 76 6 77 7 78 8 79 5 80 6 81 5 82 6 83 5 84 6 85 6 86 7 87 8 88 5 89 6 90 6 91 7 92 8 93 6 94 7 95 8 96 3 97 4 98 5 99 5 100 5 101 5 102 5 103 5 104 6 105 5 106 5 107 9 108 10 109 9 110 9 111 11 112 11 113 12 114 11 115 12 116 13 117 11 118 12 119 13 120 11 121 13 122 9 123 11 124 13 125 11 126 12 127 14 128 11 129 12 130 14 131 11 132 12 133 14 134 11 135 12 136 14 137 11 138 12 139 11 140 12 141 13 142 9 143 11 144 12 145 13 146 14 147 15 148 16 149 14 150 15 151 16 152 17 153 14 154 15 155 16 156 14 157 15 158 16 159 14 160 15 161 16 162 17 163 14 164 15 165 16 166 17 167 14 168 15 169 16 170 17 171 11 172 12 173 14 174 11 175 12 176 14 177 11 178 12 179 14 180 16 181 18 182 15 183 16 184 16 185 17 186 19 187 20 188 16 189 19 190 20 191 19 192 20 193 19 194 20 195 21 196 21 197 22 198 21 199 22 200 21 201 23 202 21 203 21 204 21 205 16 206 18 207 21 208 22 209 24 210 21 211 22 212 24 213 21 214 22 215 24 216 21 217 22 218 24 219 21 220 22 221 21 222 22 223 21 224 22 225 16 226 17 227 18 228 22 229 24 230 16 231 17 232 18 233 24 234 16 235 17 236 18 237 24 238 16 239 18 240 24 241 16 242 18 243 24 244 16 245 18 246 21 247 22 248 24 249 16 250 18 251 21 252 22 253 24 254 21 255 22 256 24 257 21 258 22 259 24 260 21 261 22 262 24 263 4 264 17 265 25 266 4 267 5 268 25 269 4 270 17 271 25 272 4 273 17 274 25 275 15 276 16 277 17 278 16 279 17 280 18 281 14 282 15 283 16 284 17 285 16 286 17 287 25 288 15 289 16 290 17 291 16 292 17 293 18 294 24 295 4 296 17 297 25 298 16 299 17 300 25 301 16 302 17 303 18 304 3 305 4 306 4 307 5 308 3 309 4 310 5 311 3 312 4 313 5 314 3 315 4 316 5 317 3 318 4 319 5 320 4 321 5 322 3 323 4 324 3 325 4 326 5 327 4 328 5 329</v>
        </vertex_weights>
      </skin>
    </controller>
  </library_controllers>
  <library_animations>
    <animation id="mixamorig_Hips-anim" name="mixamorig_Hips">
      <source id="mixamorig_Hips-Matrix-animation-input">
        <float_array id="mixamorig_Hips-Matrix-animation-input-array" count="20">

0.000000 0.033333 0.066667 0.100000 0.133333 0.166667 0.200000 0.233333 0.266667 0.300000 0.333333 0.366667 0.400000 0.433333 0.466667 0.500000
0.533333 0.566667 0.600000 0.633333</float_array>
        <technique_common>
          <accessor source="#mixamorig_Hips-Matrix-animation-input-array" count="20">
            <param name="TIME" type="float"/>
          </accessor>
        </technique_common>
      </source>
      <source id="mixamorig_Hips-Matrix-animation-output-transform">
        <float_array id="mixamorig_Hips-Matrix-animation-output-transform-array" count="320">

0.999305 -0.000897 0.037259 0.000302 0.000967 0.999998 -0.001855 0.389305 -0.037257 0.001889 0.999304 -0.000990 0.000000 0.000000 0.000000 1.000000
0.998981 0.018565 0.041135 -0.002501 -0.019403 0.999610 0.020062 0.386214 -0.040747 -0.020840 0.998952 0.006250 0.000000 0.000000 0.000000 1.000000
0.992943 0.025117 0.115900 -0.004541 -0.031602 0.998016 0.054462 0.389000 -0.114302 -0.057740 0.991767 0.013462 0.000000 0.000000 0.000000 1.000000
0.982041 0.030248 0.186226 -0.004885 -0.044105 0.996521 0.070721 0.394173 -0.183439 -0.077664 0.979958 0.015651 0.000000 0.000000 0.000000 1.000000
0.981086 0.038884 0.189627 -0.004250 -0.048681 0.997695 0.047283 0.400357 -0.187352 -0.055620 0.980717 0.014884 0.000000 0.000000 0.000000 1.000000
0.988011 0.047529 0.146885 -0.003203 -0.048707 0.998803 0.004436 0.405227 -0.146499 -0.011537 0.989144 0.016305 0.000000 0.000000 0.000000 1.000000
0.992068 0.060343 0.110271 -0.000978 -0.056458 0.997681 -0.038024 0.407747 -0.112309 0.031497 0.993174 0.011930 0.000000 0.000000 0.000000 1.000000
0.993439 0.072434 0.088498 0.002565 -0.067675 0.996154 -0.055647 0.407039 -0.092189 0.049293 0.994521 0.004574 0.000000 0.000000 0.000000 1.000000
0.994334 0.077835 0.072394 0.006214 -0.075055 0.996362 -0.040361 0.397294 -0.075272 0.034699 0.996559 0.002384 0.000000 0.000000 0.000000 1.000000
0.996787 0.059971 0.053090 0.009439 -0.059831 0.998200 -0.004220 0.386489 -0.053247 0.001030 0.998581 0.000520 0.000000 0.000000 0.000000 1.000000
0.999413 0.027829 0.019965 0.011939 -0.028135 0.999488 0.015219 0.379562 -0.019531 -0.015772 0.999685 0.001047 0.000000 0.000000 0.000000 1.000000
0.999836 0.011511 -0.014007 0.013756 -0.011105 0.999525 0.028737 0.380840 0.014331 -0.028576 0.999489 0.005307 0.000000 0.000000 0.000000 1.000000
0.999588 0.002887 -0.028549 0.013940 -0.001238 0.998338 0.057616 0.387010 0.028668 -0.057557 0.997931 0.008807 0.000000 0.000000 0.000000 1.000000
0.999904 -0.012118 -0.006726 0.011574 0.012534 0.997762 0.065686 0.395651 0.005915 -0.065764 0.997818 0.008368 0.000000 0.000000 0.000000 1.000000
0.998560 -0.024425 0.047765 0.008568 0.022714 0.999092 0.036053 0.403921 -0.048603 -0.034916 0.998208 0.010562 0.000000 0.000000 0.000000 1.000000
0.994620 -0.026932 0.100029 0.005868 0.028548 0.999483 -0.014756 0.409240 -0.099580 0.017532 0.994875 0.007151 0.000000 0.000000 0.000000 1.000000
0.991504 -0.021716 0.128251 0.003666 0.027637 0.998624 -0.044573 0.409985 -0.127106 0.047739 0.990740 0.002097 0.000000 0.000000 0.000000 1.000000
0.992652 -0.023233 0.118755 0.002476 0.028177 0.998798 -0.040120 0.404757 -0.117680 0.043171 0.992113 0.001235 0.000000 0.000000 0.000000 1.000000
0.997222 -0.023591 0.070659 0.001622 0.024436 0.999640 -0.011119 0.396496 -0.070371 0.012815 0.997439 -0.000187 0.000000 0.000000 0.000000 1.000000
0.999305 -0.000897 0.037259 0.000302 0.000967 0.999998 -0.001855 0.389305 -0.037257 0.001890 0.999304 -0.000990 0.000000 0.000000 0.000000 1.000000</float_array>
        <technique_common>
          <accessor source="#mixamorig_Hips-Matrix-animation-output-transform-array" count="20" stride="16">
            <param type="float4x4"/>
          </accessor>
        </technique_common>
      </source>
      <source id="mixamorig_Hips-Interpolations">
        <Name_array id="mixamorig_Hips-Interpolations-array" count="20">
 LINEAR LINEAR LINEAR LINEAR LINEAR LINEAR LINEAR LINEAR LINEAR LINEAR LINEAR
LINEAR LINEAR LINEAR LINEAR LINEAR LINEAR LINEAR LINEAR LINEAR</Name_array>
        <technique_common>
          <accessor source="#mixamorig_Hips-Interpolations-array" count="20">
            <param type="name"/>
          </accessor>
        </technique_common>
      </source>
      <sampler id="mixamorig_Hips-Matrix-animation-transform">
        <input semantic="INPUT" source="#mixamorig_Hips-Matrix-animation-input"/>
        <input semantic="OUTPUT" source="#mixamorig_Hips-Matrix-animation-output-transform"/>
        <input semantic="INTERPOLATION" source="#mixamorig_Hips-Interpolations"/>
      </sampler>
      <channel source="#mixamorig_Hips-Matrix-animation-transform" target="mixamorig_Hips/matrix"/>
    </animation>
    <animation id="mixamorig_Spine-anim" name="mixamorig_Spine">
      <source id="mixamorig_Spine-Matrix-animation-input">
        <float_array id="mixamorig_Spine-Matrix-animation-input-array" count="20">

0.000000 0.033333 0.066667 0.100000 0.133333 0.166667 0.200000 0.233333 0.266667 0.300000 0.333333 0.366667 0.400000 0.433333 0.466667 0.500000
0.533333 0.566667 0.600000 0.633333</float_array>
        <technique_common>
          <accessor source="#mixamorig_Spine-Matrix-animation-input-array" count="20">
            <param name="TIME" type="float"/>
          </accessor>
        </technique_common>
      </source>
      <source id="mixamorig_Spine-Matrix-animation-output-transform">
        <float_array id="mixamorig_Spine-Matrix-animation-output-transform-array" count="320">

0.999088 -0.016557 0.039352 0.000000 0.025282 0.972185 -0.232847 0.028235 -0.034402 0.233630 0.971717 -0.001086 0.000000 0.000000 0.000000 1.000000
0.999528 -0.030682 -0.001783 -0.000000 0.029501 0.974086 -0.224246 0.028235 0.008617 0.224087 0.974531 -0.001086 0.000000 0.000000 0.000000 1.000000
0.995449 -0.044355 -0.084345 0.000000 0.024316 0.974003 -0.225225 0.028235 0.092142 0.222149 0.970649 -0.001086 0.000000 0.000000 0.000000 1.000000
0.985970 -0.048731 -0.159654 0.000000 0.012389 0.975164 -0.221136 0.028235 0.166465 0.216056 0.962086 -0.001086 0.000000 0.000000 0.000000 1.000000
0.983855 -0.033103 -0.175882 -0.000000 0.000830 0.983579 -0.180476 0.028235 0.178968 0.177416 0.967726 -0.001086 0.000000 0.000000 0.000000 1.000000
0.990727 -0.008192 -0.135618 0.000000 -0.008460 0.992523 -0.121761 0.028235 0.135601 0.121780 0.983251 -0.001086 0.000000 0.000000 0.000000 1.000000
0.996328 0.001071 -0.085607 0.000000 -0.010191 0.994296 -0.106169 0.028235 0.085005 0.106652 0.990656 -0.001086 0.000000 0.000000 0.000000 1.000000
0.998253 -0.006290 -0.058747 0.000000 -0.002039 0.990058 -0.140642 0.028235 0.059047 0.140516 0.988316 -0.001086 0.000000 0.000000 0.000000 1.000000
0.998610 -0.007803 -0.052129 0.000000 -0.002156 0.982107 -0.188312 0.028235 0.052665 0.188162 0.980725 -0.001086 0.000000 0.000000 0.000000 1.000000
0.999153 0.012382 -0.039240 0.000000 -0.020999 0.973554 -0.227492 0.028235 0.035385 0.228123 0.972989 -0.001086 0.000000 0.000000 0.000000 1.000000
0.999078 0.042656 0.004873 -0.000000 -0.040184 0.969025 -0.243670 0.028235 -0.015116 0.243249 0.969846 -0.001086 0.000000 0.000000 0.000000 1.000000
0.995515 0.060635 0.072612 -0.000000 -0.041171 0.968770 -0.244520 0.028235 -0.085171 0.240433 0.966922 -0.001086 0.000000 0.000000 0.000000 1.000000
0.989571 0.064291 0.128905 0.000000 -0.030740 0.968513 -0.247058 0.028235 -0.140730 0.240519 0.960388 -0.001086 0.000000 0.000000 0.000000 1.000000
0.986606 0.065621 0.149343 0.000000 -0.030063 0.972980 -0.228925 0.028235 -0.160330 0.221369 0.961920 -0.001086 0.000000 0.000000 0.000000 1.000000
0.988793 0.059403 0.136968 0.000000 -0.034211 0.983176 -0.179427 0.028235 -0.145322 0.172730 0.974190 -0.001086 0.000000 0.000000 0.000000 1.000000
