0.633,30,18,33
B0,mixamorig_Hips,-1,0.9996562004089355,-0.018345577642321587,-0.00006597278115805238,0,0.018448859453201294,0.9995092749595642,-0.023132173344492912,0,0.00043674124754033983,0.022989604622125626,0.9995723366737366,0,0.012983473017811775,0.38029664754867554,0.0034957928583025932,1
B1,mixamorig_Spine,0,0.9970298409461975,-0.04075136035680771,-0.05538599193096161,0,0.05299093946814537,0.968878448009491,0.24163025617599487,0,0.043811675161123276,-0.24415861070156097,0.9681651592254639,0,0,0.028234999626874924,-0.0010860000038519502,1
B2,mixamorig_Spine1,1,0.9998592138290405,0.003264667699113488,-0.01351933553814888,0,-0.002617143327370286,0.9988665580749512,0.04752204939723015,0,0.013659011572599411,-0.04748358204960823,0.998734176158905,0,0,0.032965000718832016,0,1
B3,mixamorig_Spine2,2,0.9998682737350464,0.0029566041193902493,-0.012934724800288677,0,-0.0023358045145869255,0.9988643527030945,0.047583263367414474,0,0.013060607016086578,-0.04755211994051933,0.9987393617630005,0,0,0.037675000727176666,0,1
B4,mixamorig_Neck,3,0.9996308088302612,0.023147376254200935,0.013590782880783081,0,-0.02387271635234356,0.9981892704963684,0.05517856404185295,0,-0.012288747355341911,-0.055482957512140274,0.9983733296394348,0,0,0.04238399863243103,0,1
B5,mixamorig_Head,4,0.9962154626846313,0.017857559025287628,0.07987501472234726,0,0.00023993654758669436,0.9750196933746338,-0.2218213975429535,0,-0.08187902718782425,0.22132371366024017,0.9713776111602783,0,0,0.011494999751448631,0.0006169999833218753,1
B6,mixamorig_HeadTop_End,5,1,0,0,0,0,1,0,0,0,0,1,0,0,0.05509600043296814,0.002957999939098954,1
B7,mixamorig_LeftShoulder,3,0.11455283313989639,0.0062283603474497795,-0.9933647513389587,0,0.9898703098297119,-0.08448529243469238,0.1136222630739212,0,-0.08322618156671524,-0.996383786201477,-0.015790758654475212,0,0.029879000037908554,0.039882998913526535,-0.00015900000289548188,1
B8,mixamorig_LeftArm,7,0.885928750038147,0.026002541184425354,-0.4579808712005615,0,0.3875656723976135,0.49585863947868347,0.7746555805206299,0,0.24547415971755981,-0.8673524856567383,0.4293828010559082,0,0,0.05942999944090843,0,1
B9,mixamorig_LeftForeArm,8,0.5686262249946594,0.8205071091651917,0.0005210914532653987,0,-0.8205077052116394,0.5686256885528564,0.0008180609438568354,0,0.0003784927830565721,-0.0008930371259339154,0.9999995827674866,0,0,0.13931700587272644,0,1
B10,mixamorig_LeftHand,9,0.8713541030883789,-0.13278089463710785,-0.4703177511692047,0,0.2813573479652405,0.9210729002952576,0.26533663272857666,0,0.3977901041507721,-0.36321553587913513,0.8402217030525208,0,0,0.10357099771499634,0,1
B11,mixamorig_LeftHandIndex1,10,-0.9799981713294983,-0.008579554036259651,0.1987554132938385,0,0.03903346508741379,0.9713447093963623,0.23438890278339386,0,-0.1950797736644745,0.23746554553508759,-0.951605498790741,0,0,0.054799001663923264,0,1
B12,mixamorig_LeftHandIndex2,11,0.9972885847091675,-0.07020280510187149,0.0220720786601305,0,0.07020280510187149,0.817622721195221,-0.5714315176010132,0,0.022072652354836464,0.5714315176010132,0.8203351497650146,0,0,0.00011999999696854502,0,1
B13,mixamorig_LeftHandIndex3,12,0.9990816712379456,-0.042181432247161865,0.00747314840555191,0,0.042181432247161865,0.9382539391517639,-0.3433500826358795,0,0.00747314840555191,0.3433500826358795,0.9391717910766602,0,0,0.00018000000272877514,0,1
B14,mixamorig_LeftHandIndex4,13,1,0,0,0,0,1,0,0,0,0,1,0,0,0.00018000000272877514,0,1
B15,mixamorig_RightShoulder,3,0.09323921799659729,-0.007819627411663532,0.9955898523330688,0,-0.9915565252304077,-0.09040486812591553,0.09215553849935532,0,0.08929278701543808,-0.9958229064941406,-0.01611478254199028,0,-0.029879000037908554,0.039877999573946,-0.00003400000059627928,1
B16,mixamorig_RightArm,15,0.993447482585907,-0.10803698003292084,-0.018018458038568497,0,0.07444457709789276,0.5503190159797668,0.8313620686531067,0,-0.0797295942902565,-0.8276550769805908,0.5545195937156677,0,0,0.05942999944090843,0,1
B17,mixamorig_RightForeArm,16,0.45383402705192566,-0.8888791799545288,0.0028269479516893625,0,0.8888781666755676,0.45381829142570496,-0.004867521580308676,0,0.0030651758424937725,0.00472234794870019,0.9999842643737793,0,0,0.13932399451732635,0,1
B18,mixamorig_RightHand,17,0.9536105394363403,-0.29805248975753784,0.03351839631795883,0,0.2992021143436432,0.9488171339035034,-0.09568063169717789,0,-0.0030097421258687973,0.10090555250644684,0.99417644739151,0,0,0.10357200354337692,0,1
B19,mixamorig_RightHandIndex1,18,-0.9922815561294556,-0.06268703192472458,0.10691385716199875,0,-0.007113300729542971,0.8894275426864624,0.4563935399055481,0,-0.12367722392082214,0.4521079957485199,-0.8830140829086304,0,0,0.04310600087046623,0,1
B20,mixamorig_RightHandIndex2,19,0.5498162508010864,-0.8070940375328064,0.21498160064220428,0,0.744418740272522,0.5902014374732971,0.31217849254608154,0,-0.37886476516723633,-0.011604754254221916,0.9253137111663818,0,0,0.006306999828666449,0,1
B21,mixamorig_RightHandIndex3,20,-0.10027030110359192,0.9462834000587463,-0.30739620327949524,0,0.8637857437133789,-0.07053476572036743,-0.4988962709903717,0,-0.4937797486782074,-0.3155493438243866,-0.8103135228157043,0,-0.007689999882131815,0.00380500010214746,-0.007416000124067068,1
B22,mixamorig_RightHandIndex4,21,1,0,0,0,0,1,0,0,0,0,1,0,0.00011200000153621659,0.00002700000004551839,0.00015700000221841037,1
B23,mixamorig_LeftUpLeg,0,-0.9994775056838989,-0.030620723962783813,0.008918102830648422,0,0.02971547842025757,-0.7867948412895203,0.6154094338417053,0,-0.011680359952151775,0.6153571605682373,0.7873134016990662,0,0.03106899932026863,-0.01570199988782406,0.0008019999950192869,1
B24,mixamorig_LeftLeg,23,0.9931414127349854,0.11454866826534271,0.020779170095920563,0,-0.02902943640947342,0.41453516483306885,-0.9090016484260559,0,-0.11298955231904984,0.9022150635719299,0.414983868598938,0,0,0.18711799383163452,0,1
B25,mixamorig_LeftFoot,24,0.9972823262214661,-0.013255615718662739,0.07239031046628952,0,-0.06717313081026077,0.22532375156879425,0.9690167903900146,0,-0.028949815779924393,-0.9712547063827515,0.22384394705295563,0,0,0.1868789941072464,0,1
B26,mixamorig_LeftToeBase,25,0.9998602867126465,0.0040687439031898975,-0.016115862876176834,0,0.007924338802695274,0.7349947094917297,0.6777859926223755,0,0.014634576626121998,-0.6778216361999512,0.7348607182502747,0,0,0.07976700365543365,0,1
B27,mixamorig_LeftToe_End,26,1,0,0,0,0,1,0,0,0,0,1,0,0,0.0331760011613369,0,1
B28,mixamorig_RightUpLeg,0,-0.9743151068687439,0.10756227374076843,-0.19639527797698975,0,-0.21714434027671814,-0.6703150272369385,0.7066888213157654,0,-0.056955281645059586,0.7314889430999756,0.6766706705093384,0,-0.03106899932026863,-0.01570199988782406,0.0003769999893847853,1
B29,mixamorig_RightLeg,28,0.9969993829727173,0.058010850101709366,-0.03361092880368233,0,-0.03526373207569122,0.06565139442682266,-0.9957166910171509,0,-0.055524926632642746,0.99391770362854,0.06747689098119736,0,0,0.18710799515247345,0,1
B30,mixamorig_RightFoot,29,0.9990008473396301,0.019182847812771797,-0.03936374559998512,0,0.011978036724030972,0.7454633116722107,0.6663804054260254,0,0.04216805845499039,-0.6661850810050964,0.7445461750030518,0,0,0.18685199320316315,0,1
B31,mixamorig_RightToeBase,30,0.9990406632423401,-0.03233879432082176,0.02325143851339817,0,0.0011986034223809838,0.5943642258644104,0.8031927347183228,0,-0.040095970034599304,-0.8025058507919312,0.5937591195106506,0,0,0.07939399778842926,0,1
B32,mixamorig_RightToe_End,31,1,0,0,0,0,1,0,0,0,0,1,0,0,0.03319299966096878,0,1
@28,0,1,2,3,4,5,7,8,9,10,11,12,13,15,16,17,18,19,20,21,23,24,25,26,28,29,30,31
K0.000,0.999305009841919,0.0009670000290498137,-0.03725700080394745,0,-0.0008970000199042261,0.9999979734420776,0.0018889999482780695,0,0.03725900128483772,-0.0018550000386312604,0.9993039965629578,0,0.0003020000003743917,0.3893049955368042,-0.0009899999713525176,1,0.9990879893302917,0.02528199926018715,-0.03440200164914131,0,-0.0165570005774498,0.9721850156784058,0.2336300015449524,0,0.03935199975967407,-0.23284700512886047,0.9717170000076294,0,0,0.028234999626874924,-0.0010860000038519502,1,0.9999269843101501,0.008727000094950199,-0.00840499997138977,0,-0.008337999694049358,0.9989420175552368,0.04521799832582474,0,0.0087909996509552,-0.045145001262426376,0.9989420175552368,0,0,0.032965000718832016,0,1,0.9999319911003113,0.008558000437915325,-0.007974999956786633,0,-0.008187999948859215,0.9989410042762756,0.04526999965310097,0,0.008353999815881252,-0.045201998203992844,0.9989429712295532,0,0,0.037675000727176666,0,1,0.9997940063476562,0.014713999815285206,0.01398599985986948,0,-0.015440000221133232,0.9984599947929382,0.053275998681783676,0,-0.013181000016629696,-0.053481001406908035,0.9984819889068604,0,0,0.04238399863243103,0,1,0.9935899972915649,-0.06671299785375595,0.0912569984793663,0,0.08436500281095505,0.9749450087547302,-0.20582599937915802,0,-0.07524000108242035,0.21220600605010986,0.9743239879608154,0,0,0.011494999751448631,0.0006169999833218753,1,0.06994900107383728,0.009097999893128872,-0.9975090026855469,0,0.9935359954833984,-0.09025300294160843,0.06884700059890747,0,-0.08940199762582779,-0.9958770275115967,-0.015352999791502953,0,0.029879000037908554,0.039882998913526535,-0.00015900000289548188,1,0.8299319744110107,-0.12621299922466278,-0.54339998960495,0,0.5567229986190796,0.12509499490261078,0.8212249875068665,0,-0.035672999918460846,-0.9840840101242065,0.17408600449562073,0,0,0.05942999944090843,0,1,0.5673890113830566,0.8234500288963318,0.000522000016644597,0,-0.8234500288963318,0.5673890113830566,0.0008210000232793391,0,0.0003800000122282654,-0.0008960000122897327,1,0,0,0.13931700587272644,0,1,0.9924200177192688,-0.06454599648714066,-0.10458000004291534,0,0.06459199637174606,0.9979069828987122,-0.002954999916255474,0,0.1045520007610321,-0.0038219999987632036,0.9945120215415955,0,0,0.10357099771499634,0,1,-0.9840549826622009,-0.07039300352334976,0.16333900392055511,0,0.017873000353574753,0.8745620250701904,0.4845840036869049,0,-0.1769610047340393,0.4797770082950592,-0.8593599796295166,0,0,0.054799001663923264,0,1,0.9980949759483337,-0.0597199983894825,0.015509000048041344,0,0.0597199983894825,0.8718550205230713,-0.48611000180244446,0,0.015509000048041344,0.48611000180244446,0.8737599849700928,0,0,0.00011999999696854502,0,1,0.9993730187416077,-0.035029999911785126,0.0051020001992583275,0,0.035029999911785126,0.957846999168396,-0.2851350009441376,0,0.0051020001992583275,0.2851350009441376,0.9584739804267883,0,0,0.00018000000272877514,0,1,0.09770099818706512,-0.006775999907404184,0.9951930046081543,0,-0.9868749976158142,-0.12984900176525116,0.09600099921226501,0,0.12857499718666077,-0.9915109872817993,-0.019373999908566475,0,-0.029879000037908554,0.039877999573946,-0.00003400000059627928,1,0.9911839962005615,-0.0053010000847280025,0.13239000737667084,0,-0.11895199865102768,0.4044930040836334,0.9067720174789429,0,-0.05835700035095215,-0.9145259857177734,0.40029698610305786,0,0,0.05942999944090843,0,1,0.7597590088844299,-0.6502029895782471,0.0011520000407472253,0,0.6502029895782471,0.7597519755363464,-0.0035600000992417336,0,0.0014400000218302011,0.0034539999905973673,0.9999930262565613,0,0,0.13932399451732635,0,1,0.9657350182533264,-0.10504200309515,0.23732200264930725,0,0.12148500233888626,0.9910280108451843,-0.05571899935603142,0,-0.22934000194072723,0.08264099806547165,0.9698320031166077,0,0,0.10357200354337692,0,1,-0.9891579747200012,-0.08090300112962723,0.1225619986653328,0,-0.02798599936068058,0.9231230020523071,0.38348400592803955,0,-0.14416399598121643,0.37589699029922485,-0.915378987789154,0,0,0.04310600087046623,0,1,0.5497419834136963,-0.8070930242538452,0.2153729945421219,0,0.7444700002670288,0.5903199911117554,0.3119080066680908,0,-0.37887701392173767,-0.011130000464618206,0.9253799915313721,0,0,0.006306999828666449,0,1,-0.10135500133037567,0.9505720138549805,-0.2934949994087219,0,0.854653000831604,-0.06780499964952469,-0.5147539973258972,0,-0.509211003780365,-0.3030090034008026,-0.8055369853973389,0,-0.007689999882131815,0.00380500010214746,-0.007416000124067068,1,-0.9942110180854797,-0.09713099896907806,0.04593899846076965,0,0.10103499889373779,-0.6996399760246277,0.707315981388092,0,-0.0365619994699955,0.7078620195388794,0.7054029703140259,0,0.03106899932026863,-0.01570199988782406,0.0008019999950192869,1,0.9878110289573669,0.15565499663352966,-0.0013549999566748738,0,-0.018411999568343163,0.108194999396801,-0.9939590096473694,0,-0.15456800162792206,0.9818680286407471,0.10974200069904327,0,0,0.18711799383163452,0,1,0.9963449835777283,0.030573999509215355,0.07976099848747253,0,-0.08323699980974197,0.5572839975357056,0.8261399865150452,0,-0.01919100061058998,-0.8297590017318726,0.5577920079231262,0,0,0.1868789941072464,0,1,0.9998300075531006,-0.01758500002324581,-0.005557000171393156,0,0.01752699911594391,0.812296986579895,0.5829809904098511,0,-0.0057379999198019505,-0.5829790234565735,0.8124669790267944,0,0,0.07976700365543365,0,1,-0.9887070059776306,0.08099599927663803,-0.12608499825000763,0,-0.1384280025959015,-0.8159090280532837,0.5613639950752258,0,-0.057406000792980194,0.5724779963493347,0.817907989025116,0,-0.03106899932026863,-0.01570199988782406,0.0003769999893847853,1,0.9918410181999207,0.12045799940824509,0.04173700138926506,0,-0.012652999721467495,0.4187909960746765,-0.9079949855804443,0,-0.1268550008535385,0.9000579714775085,0.4168980121612549,0,0,0.18710799515247345,0,1,0.99515300989151,-0.07078199833631516,-0.06826099753379822,0,0.08671300113201141,0.3043000102043152,0.9486209750175476,0,-0.04637400060892105,-0.9499430060386658,0.30896300077438354,0,0,0.18685199320316315,0,1,0.9999359846115112,-0.01011900044977665,0.005051000043749809,0,0.002587999915704131,0.6395149827003479,0.7687749862670898,0,-0.011009999550879002,-0.7687119841575623,0.6395000219345093,0,0,0.07939399778842926,0,1
K0.033,0.9989809393882751,-0.0194031223654747,-0.040747739374637604,0,0.018565064296126366,0.9996100068092346,-0.020840369164943695,0,0.041135746985673904,0.020062344148755074,0.9989519119262695,0,-0.0025010204408317804,0.386214017868042,0.00625007227063179,1,0.9995279312133789,0.029500948265194893,0.008617835119366646,0,-0.030682135373353958,0.9740859866142273,0.22408698499202728,0,-0.001783826039172709,-0.22424601018428802,0.9745309352874756,0,0,0.028234999626874924,-0.0010860000038519502,1,0.9999340176582336,0.011082975193858147,0.0029732193797826767,0,-0.011203983798623085,0.9989539980888367,0.04432296380400658,0,-0.0024792207404971123,-0.04435296356678009,0.9990130066871643,0,0,0.032965000718832016,0,1,0.9999309778213501,0.011232981458306313,0.003442217130213976,0,-0.01137498952448368,0.9989550113677979,0.04427396133542061,0,-0.002941218437626958,-0.044309962540864944,0.9990130066871643,0,0,0.037675000727176666,0,1,0.9999179840087891,0.010928993113338947,0.006622927729040384,0,-0.011290989816188812,0.998291015625,0.05732908099889755,0,-0.005984927527606487,-0.05740008130669594,0.9983329772949219,0,0,0.04238399863243103,0,1,0.9964789748191833,-0.07262096554040909,0.04189354553818703,0,0.07914688438177109,0.9796650409698486,-0.18437069654464722,0,-0.02765258215367794,0.18703767657279968,0.981963038444519,0,0,0.011494999751448631,0.0006169999833218753,1,0.07333524525165558,0.009008987806737423,-0.9972670078277588,0,0.9942830204963684,-0.07847186177968979,0.07240724563598633,0,-0.07760585099458694,-0.9968760013580322,-0.014712993055582047,0,0.029879000037908554,0.039882998913526535,-0.00015900000289548188,1,0.8726590871810913,-0.11608625203371048,-0.474330872297287,0,0.48825395107269287,0.1903669536113739,0.8516857624053955,0,-0.008572769351303577,-0.9748256802558899,0.2228049486875534,0,0,0.05942999944090843,0,1,0.40750718116760254,0.9132007956504822,0.0006820028065703809,0,-0.9132017493247986,0.40750616788864136,0.0009100008173845708,0,0.0005530031048692763,-0.0009940008167177439,0.9999989867210388,0,0,0.13931700587272644,0,1,0.9936598539352417,-0.021489745005965233,-0.11035165935754776,0,0.016682587563991547,0.9988789558410645,-0.04430070519447327,0,0.11117962747812271,0.04217875003814697,0.9929048418998718,0,0,0.10357099771499634,0,1,-0.9836909770965576,-0.08161120861768723,0.16028280556201935,0,0.010793966241180897,0.8627431988716125,0.5055261254310608,0,-0.17953993380069733,0.49901214241981506,-0.8477922081947327,0,0,0.054799001663923264,0,1,0.9978439807891846,-0.06324607133865356,0.017553048208355904,0,0.06324607133865356,0.8549665808677673,-0.5148115754127502,0,0.017553048208355904,0.5148115754127502,0.8571235537528992,0,0,0.00011999999696854502,0,1,0.999426007270813,-0.03356098756194115,0.004673996940255165,0,0.03356098756194115,0.9613760113716125,-0.2731828987598419,0,0.004673996940255165,0.2731828987598419,0.9619510173797607,0,0,0.00018000000272877514,0,1,0.08911162614822388,-0.007239033468067646,0.9959949851036072,0,-0.98661208152771,-0.13776877522468567,0.08727163076400757,0,0.13658477365970612,-0.9904379844665527,-0.019418969750404358,0,-0.029879000037908554,0.039877999573946,-0.00003400000059627928,1,0.9432310461997986,0.07400254160165787,0.3237858712673187,0,-0.32881397008895874,0.34558019042015076,0.8788942694664001,0,-0.04685386270284653,-0.9354661703109741,0.35029542446136475,0,0,0.05942999944090843,0,1,0.7376549243927002,-0.6751770377159119,0.0012730059679597616,0,0.6751760244369507,0.7376469373703003,-0.0036970055662095547,0,0.0015580056933686137,0.003587005427107215,0.9999920129776001,0,0,0.13932399451732635,0,1,0.9728350639343262,-0.08077386021614075,0.21695275604724884,0,0.0825747698545456,0.9965850114822388,0.0007653873763047159,0,-0.21627378463745117,0.017170555889606476,0.9761820435523987,0,0,0.10357200354337692,0,1,-0.9899799823760986,-0.07250285893678665,0.12117099016904831,0,-0.023166941478848457,0.9298831820487976,0.3671244978904724,0,-0.1392919421195984,0.3606385290622711,-0.9222461581230164,0,0,0.04310600087046623,0,1,0.5511209964752197,-0.8080440163612366,0.20815789699554443,0,0.7434629797935486,0.5887799859046936,0.3171750605106354,0,-0.3788509964942932,-0.020044121891260147,0.9252409934997559,0,0,0.006306999828666449,0,1,-0.10152000188827515,0.9513120055198669,-0.29103103280067444,0,0.8530110120773315,-0.06729800254106522,-0.5175359845161438,0,-0.5119240283966064,-0.30079200863838196,-0.8046479821205139,0,-0.007689999882131815,0.00380500010214746,-0.007416000124067068,1,-0.9854109287261963,-0.15307334065437317,0.07439552247524261,0,0.16707412898540497,-0.7867178916931152,0.594273567199707,0,-0.03243928775191307,0.598032534122467,0.8008148670196533,0,0.03106899932026863,-0.01570199988782406,0.0008019999950192869,1,0.9903420805931091,0.13741855323314667,-0.018395166844129562,0,-0.01628916710615158,-0.016432086005806923,-0.9997320175170898,0,-0.13768456876277924,0.9903770685195923,-0.014035075902938843,0,0,0.18711799383163452,0,1,0.9988210201263428,0.003993585240095854,0.0483890026807785,0,-0.04277374967932701,0.5439633727073669,0.8380177617073059,0,-0.022975357249379158,-0.8390987515449524,0.5434933304786682,0,0,0.1868789941072464,0,1,0.9996010065078735,-0.004146011546254158,-0.027934014797210693,0,0.019313013181090355,0.8220421075820923,0.5690988898277283,0,0.020603008568286896,-0.5694108605384827,0.8217951059341431,0,0,0.07976700365543365,0,1,-0.9919819235801697,0.056346047669649124,-0.11312740296125412,0,-0.11465029418468475,-0.7778499722480774,0.617904007434845,0,-0.053180284798145294,0.625918984413147,0.7780729532241821,0,-0.03106899932026863,-0.01570199988782406,0.0003769999893847853,1,0.9923149943351746,0.1184229776263237,0.03586384654045105,0,-0.02115125209093094,0.44792595505714417,-0.8938204646110535,0,-0.1219128668308258,0.8861934542655945,0.44698798656463623,0,0,0.18710799515247345,0,1,0.9962360262870789,-0.061043012887239456,-0.06155093014240265,0,0.08024197816848755,0.3806922137737274,0.9212133884429932,0,-0.03280193358659744,-0.9226844310760498,0.3841582238674164,0,0,0.18685199320316315,0,1,0.999925971031189,-0.008439978584647179,0.00873604230582714,0,-0.0008460392127744853,0.6690403819084167,0.7432256937026978,0,-0.012118014506995678,-0.7431777119636536,0.6689843535423279,0,0,0.07939399778842926,0,1
K0.067,0.9929430484771729,-0.03160187602043152,-0.11430127173662186,0,0.0251169353723526,0.9980159997940063,-0.057739634066820145,0,0.11589925736188889,0.054461658000946045,0.9917670488357544,0,-0.0045409793965518475,0.38899996876716614,0.013461927883327007,1,0.9954490661621094,0.024316051974892616,0.09214117377996445,0,-0.044354867190122604,0.9740030169487,0.22214901447296143,0,-0.08434417843818665,-0.22522498667240143,0.9706490635871887,0,0,0.028234999626874924,-0.0010860000038519502,1,0.9996529817581177,0.008580025285482407,0.024896781891584396,0,-0.00958501547574997,0.9991329908370972,0.04051603749394417,0,-0.02452778071165085,-0.04074103757739067,0.998869001865387,0,0,0.032965000718832016,0,1,0.9996399879455566,0.009347018785774708,0.025160783901810646,0,-0.01035901065915823,0.9991289973258972,0.040416035801172256,0,-0.024760784581303596,-0.04066203907132149,0.9988660216331482,0,0,0.037675000727176666,0,1,0.9999470114707947,0.010290006175637245,-0.0005889283493161201,0,-0.010229010134935379,0.9977949857711792,0.06557391583919525,0,0.0012629278935492039,-0.06556491553783417,0.9978479743003845,0,0,0.04238399863243103,0,1,0.997626006603241,-0.06877503544092178,-0.0034595492761582136,0,0.06741911917924881,0.985728919506073,-0.1542533040046692,0,0.014019585214555264,0.1536533236503601,0.9880249500274658,0,0,0.011494999751448631,0.0006169999833218753,1,0.09778175503015518,0.007830011658370495,-0.9951769709587097,0,0.9932100176811218,-0.06410114467144012,0.09708375483751297,0,-0.0630311444401741,-0.9979130029678345,-0.014045006595551968,0,0.029879000037908554,0.039882998913526535,-0.00015900000289548188,1,0.8759559392929077,-0.14152975380420685,-0.46116212010383606,0,0.48217305541038513,0.28564804792404175,0.8281992673873901,0,0.014515770599246025,-0.9478263258934021,0.3184570372104645,0,0,0.05942999944090843,0,1,0.12491580843925476,0.9921662211418152,0.0009629972046241164,0,-0.9921662211418152,0.12491481006145477,0.0009889991488307714,0,0.00086099689360708,-0.0010789991356432438,0.9999989867210388,0,0,0.13931700587272644,0,1,0.9844381213188171,0.003951746970415115,-0.1756843477487564,0,-0.024417592212557793,0.9931250810623169,-0.11448530107736588,0,0.17402437329292297,0.1169932559132576,0.9777671694755554,0,0,0.10357099771499634,0,1,-0.9847769737243652,-0.10209479928016663,0.140680193901062,0,0.007479032967239618,0.7836957573890686,0.6210998892784119,0,-0.17366105318069458,0.6126968860626221,-0.7710017561912537,0,0,0.054799001663923264,0,1,0.9972519874572754,-0.07062792778015137,0.02236895076930523,0,0.07062792778015137,0.815174400806427,-0.5748934149742126,0,0.02236895076930523,0.5748934149742126,0.8179224133491516,0,0,0.00011999999696854502,0,1,0.9994630217552185,-0.032466012984514236,0.004369003232568502,0,0.032466012984514236,0.96390300989151,-0.26426708698272705,0,0.004369003232568502,0.26426708698272705,0.9644399881362915,0,0,0.00018000000272877514,0,1,0.0518183670938015,-0.010593966580927372,0.9986000061035156,0,-0.9920459389686584,-0.11541122198104858,0.05025436729192734,0,0.11471721529960632,-0.9932609796524048,-0.0164900291711092,0,-0.029879000037908554,0.039877999573946,-0.00003400000059627928,1,0.8493009805679321,0.12804946303367615,0.512144148349762,0,-0.5268650054931641,0.2665877640247345,0.8070586919784546,0,-0.0331871323287487,-0.9552668333053589,0.29387855529785156,0,0,0.05942999944090843,0,1,0.6292880773544312,-0.7771700024604797,0.0018659940687939525,0,0.7771689891815186,0.6292770504951477,-0.004255994223058224,0,0.002132994122803211,0.004127994179725647,0.9999889731407166,0,0,0.13932399451732635,0,1,0.9790199398994446,-0.06633614003658295,0.192665234208107,0,0.059814225882291794,0.9974279999732971,0.03947961702942848,0,-0.19478820264339447,-0.027126559987664223,0.9804699420928955,0,0,0.10357200354337692,0,1,-0.990962028503418,-0.05861413851380348,0.12066400796175003,0,-0.017402058467268944,0.9480597972869873,0.3176155090332031,0,-0.133013054728508,0.31264448165893555,-0.9405108094215393,0,0,0.04310600087046623,0,1,0.5530059933662415,-0.8092349767684937,0.1982981115579605,0,0.742093026638031,0.5866010189056396,0.32434093952178955,0,-0.3787899911403656,-0.032206881791353226,0.924921989440918,0,0,0.006306999828666449,0,1,-0.10141099989414215,0.9508209824562073,-0.29266998171806335,0,0.8541039824485779,-0.06763599812984467,-0.5156859755516052,0,-0.5101199746131897,-0.3022669851779938,-0.8052399754524231,0,-0.007689999882131815,0.00380500010214746,-0.007416000124067068,1,-0.9818130731582642,-0.18790866434574127,0.027073470875620842,0,0.17973987758159637,-0.8741191029548645,0.4512304365634918,0,-0.06112571433186531,0.4478904902935028,0.8919960856437683,0,0.03106899932026863,-0.01570199988782406,0.0008019999950192869,1,0.9950119256973267,0.09336244314908981,-0.03514683246612549,0,-0.0329558365046978,-0.024906916543841362,-0.9991459846496582,0,-0.09415843337774277,0.9953209161758423,-0.021705923601984978,0,0,0.18711799383163452,0,1,0.9981139898300171,-0.03745158761739731,0.04863999783992767,0,-0.017829246819019318,0.58133465051651,0.8134692311286926,0,-0.058741647750139236,-0.812802255153656,0.5795706510543823,0,0,0.1868789941072464,0,1,0.9995560050010681,-0.005297988187521696,-0.029337987303733826,0,0.020685987547039986,0.8318938612937927,0.5545490980148315,0,0.021467991173267365,-0.5549091100692749,0.8316338658332825,0,0,0.07976700365543365,0,1,-0.9862590432167053,0.06110195070505142,-0.15349459648132324,0,-0.14375871419906616,-0.7752270102500916,0.6151059865951538,0,-0.08140871673822403,0.6287199854850769,0.7733580470085144,0,-0.03106899932026863,-0.01570199988782406,0.0003769999893847853,1,0.9929900169372559,0.116364024579525,0.02072315104305744,0,-0.04635174944996834,0.5446630716323853,-0.8373725414276123,0,-0.10872713476419449,0.8305425643920898,0.5462389588356018,0,0,0.18710799515247345,0,1,0.9965900182723999,-0.06204598769545555,-0.0543980710208416,0,0.07826102524995804,0.501774787902832,0.8614506125450134,0,-0.026154065504670143,-0.8627706170082092,0.5049188137054443,0,0,0.18685199320316315,0,1,0.9998970031738281,-0.006319020874798298,0.012916957959532738,0,-0.004764961078763008,0.7019386887550354,0.7122213244438171,0,-0.013566985726356506,-0.7122092843055725,0.7018356919288635,0,0,0.07939399778842926,0,1
K0.100,0.9820410013198853,-0.04410500079393387,-0.1834390014410019,0,0.030247999355196953,0.99652099609375,-0.07766400277614594,0,0.1862259954214096,0.07072100043296814,0.9799579977989197,0,-0.004885000176727772,0.3941729962825775,0.015651000663638115,1,0.9859700202941895,0.012389000505208969,0.16646499931812286,0,-0.0487309992313385,0.975163996219635,0.2160560041666031,0,-0.15965400636196136,-0.22113600373268127,0.962086021900177,0,0,0.028234999626874924,-0.0010860000038519502,1,0.998993992805481,0.003383000148460269,0.04472000151872635,0,-0.005133000202476978,0.999222993850708,0.039073001593351364,0,-0.04455399885773659,-0.03926299884915352,0.9982349872589111,0,0,0.032965000718832016,0,1,0.998989999294281,0.004513999912887812,0.04469899833202362,0,-0.006264000199735165,0.9992169737815857,0.0390780009329319,0,-0.044488001614809036,-0.03931799903512001,0.9982360005378723,0,0,0.037675000727176666,0,1,0.9999160170555115,0.011584999971091747,-0.005783999804407358,0,-0.01114100031554699,0.9973700046539307,0.07162100076675415,0,0.006598999723792076,-0.07155100256204605,0.9974150061607361,0,0,0.04238399863243103,0,1,0.9977390170097351,-0.05650399997830391,-0.036389999091625214,0,0.05164099857211113,0.9910659790039062,-0.12296699732542038,0,0.04301299899816513,0.12080900371074677,0.9917430281639099,0,0,0.011494999751448631,0.0006169999833218753,1,0.1297529935836792,0.006779000163078308,-0.991523027420044,0,0.9903500080108643,-0.049995001405477524,0.1292569935321808,0,-0.048695001751184464,-0.9987260103225708,-0.013201000168919563,0,0.029879000037908554,0.039882998913526535,-0.00015900000289548188,1,0.8770409822463989,-0.21795900166034698,-0.4281260073184967,0,0.48041099309921265,0.4015040099620819,0.7797430157661438,0,0.0019430005922913551,-0.8895440101623535,0.4568459987640381,0,0,0.05942999944090843,0,1,-0.19001197814941406,0.981781005859375,0.0012779999524354935,0,-0.981781005859375,-0.19001398980617523,0.000977999996393919,0,0.0012029999634250998,-0.0010679999832063913,0.9999989867210388,0,0,0.13931700587272644,0,1,0.9676039814949036,-0.0188479982316494,-0.25176799297332764,0,-0.02681400068104267,0.9838979840278625,-0.17670999467372894,0,0.25104498863220215,0.17773599922657013,0.9515179991722107,0,0,0.10357099771499634,0,1,-0.985630989074707,-0.11025899648666382,0.1279599964618683,0,0.006804999895393848,0.731024980545044,0.6823170185089111,0,-0.16877399384975433,0.6733840107917786,-0.7197710275650024,0,0,0.054799001663923264,0,1,0.9970489740371704,-0.07291799783706665,0.024024000391364098,0,0.07291799783706665,0.8014979958534241,-0.5935360193252563,0,0.024024000391364098,0.5935360193252563,0.8044490218162537,0,0,0.00011999999696854502,0,1,0.9994860291481018,-0.03179600089788437,0.00418699998408556,0,0.03179600089788437,0.9654030203819275,-0.25881698727607727,0,0.00418699998408556,0.25881698727607727,0.9659169912338257,0,0,0.00018000000272877514,0,1,0.023031001910567284,-0.011687999591231346,0.9996659755706787,0,-0.9971280097961426,-0.07242699712514877,0.0221250019967556,0,0.07214400172233582,-0.9973049759864807,-0.01332200039178133,0,-0.029879000037908554,0.039877999573946,-0.00003400000059627928,1,0.7452470064163208,0.16496199369430542,0.6460610032081604,0,-0.6667760014533997,0.17833299934864044,0.7236070036888123,0,0.004153998102992773,-0.9700440168380737,0.2428950071334839,0,0,0.05942999944090843,0,1,0.4856100082397461,-0.8741710186004639,0.002652999944984913,0,0.8741710186004639,0.4855949878692627,-0.004786999896168709,0,0.002896999940276146,0.004643999971449375,0.9999849796295166,0,0,0.13932399451732635,0,1,0.9863269925117493,-0.02938300184905529,0.1621609926223755,0,0.018415002152323723,0.9974650144577026,0.06872899830341339,0,-0.16377000510692596,-0.06480299681425095,0.9843680262565613,0,0,0.10357200354337692,0,1,-0.9912239909172058,-0.05635799840092659,0.11957599967718124,0,-0.01566700078547001,0.9482759833335876,0.3170599937438965,0,-0.1312599927186966,0.31240400671958923,-0.940837025642395,0,0,0.04310600087046623,0,1,0.5576720237731934,-0.8116419911384583,0.173893004655838,0,0.7387329936027527,0.5808320045471191,0.3419179916381836,0,-0.3785179853439331,-0.062217000871896744,0.9235010147094727,0,0,0.006306999828666449,0,1,-0.10136199742555618,0.9506030082702637,-0.29339200258255005,0,0.8545849919319153,-0.06778399646282196,-0.514868974685669,0,-0.5093240141868591,-0.3029170036315918,-0.8054999709129333,0,-0.007689999882131815,0.00380500010214746,-0.007416000124067068,1,-0.9797070026397705,-0.19906899333000183,-0.0233599990606308,0,0.1786630004644394,-0.9201639890670776,0.3483940064907074,0,-0.09085000306367874,0.3371500074863434,0.9370570182800293,0,0.03106899932026863,-0.01570199988782406,0.0008019999950192869,1,0.99788898229599,0.03314700350165367,-0.05585300177335739,0,-0.05667499825358391,0.024390997365117073,-0.9980949759483337,0,-0.031721003353595734,0.9991530179977417,0.026217998936772346,0,0,0.18711799383163452,0,1,0.9968169927597046,-0.06158800050616264,0.05062500014901161,0,-0.0037330007180571556,0.5982440114021301,0.8013049960136414,0,-0.07963699847459793,-0.7989429831504822,0.5961099863052368,0,0,0.1868789941072464,0,1,0.9995229840278625,-0.0060800001956522465,-0.030263999477028847,0,0.02159300073981285,0.8383269906044006,0.5447390079498291,0,0.0220589991658926,-0.5451329946517944,0.8380590081214905,0,0,0.07976700365543365,0,1,-0.9776780009269714,0.07657600194215775,-0.19565799832344055,0,-0.18052400648593903,-0.7826160192489624,0.5957549810409546,0,-0.10750400274991989,0.6177769899368286,0.7789700031280518,0,-0.03106899932026863,-0.01570199988782406,0.0003769999893847853,1,0.9932950139045715,0.1151140034198761,0.010711999610066414,0,-0.07402800023555756,0.7044600248336792,-0.7058719992637634,0,-0.08880200237035751,0.7003459930419922,0.7082579731941223,0,0,0.18710799515247345,0,1,0.9979400038719177,-0.047867998480796814,-0.04270299896597862,0,0.06389299780130386,0.6824349761009216,0.7281489968299866,0,-0.0057130008935928345,-0.7293779850006104,0.6840879917144775,0,0,0.18685199320316315,0,1,0.9999070167541504,-0.006940999999642372,0.011738000437617302,0,-0.003656999906525016,0.6927260160446167,0.7211920022964478,0,-0.013136999681591988,-0.7211679816246033,0.6926360130310059,0,0,0.07939399778842926,0,1
K0.133,0.9810860753059387,-0.048680998384952545,-0.18735158443450928,0,0.038884084671735764,0.9976950287818909,-0.055619556456804276,0,0.1896265745162964,0.047282569110393524,0.9807170629501343,0,-0.00424998952075839,0.40035706758499146,0.014884013682603836,1,0.9838550686836243,0.0008299063774757087,0.17896756529808044,0,-0.03310275077819824,0.9835790991783142,0.17741543054580688,0,-0.17588159441947937,-0.1804753988981247,0.9677261710166931,0,0,0.028234999626874924,-0.0010860000038519502,1,0.9988139867782593,0.0003990118275396526,0.04868088662624359,0,-0.0028560119681060314,0.9987249970436096,0.05041014403104782,0,-0.048598889261484146,-0.0504891462624073,0.9975410103797913,0,0,0.032965000718832016,0,1,0.9988189935684204,0.001079005072824657,0.04857989028096199,0,-0.0035370050463825464,0.9987149834632874,0.05055214464664459,0,-0.048462893813848495,-0.05066414549946785,0.9975389838218689,0,0,0.037675000727176666,0,1,0.9998930096626282,0.01255500316619873,-0.007570983376353979,0,-0.01197100430727005,0.9972749948501587,0.07279499620199203,0,0.008463983424007893,-0.0726969912648201,0.9973180294036865,0,0,0.04238399863243103,0,1,0.9981629848480225,-0.03672076016664505,-0.048181887716054916,0,0.031083768233656883,0.993116021156311,-0.11293419450521469,0,0.0519968643784523,0.11122921109199524,0.992434024810791,0,0,0.011494999751448631,0.0006169999833218753,1,0.14105792343616486,0.006390995811671019,-0.9899809956550598,0,0.9889370203018188,-0.04725717008113861,0.1406049281358719,0,-0.04588517174124718,-0.9988620281219482,-0.0129860145971179,0,0.029879000037908554,0.039882998913526535,-0.00015900000289548188,1,0.9079723954200745,-0.2917470633983612,-0.3007812201976776,0,0.4156838059425354,0.536602258682251,0.7343465685844421,0,-0.052843715995550156,-0.7917959690093994,0.6084950566291809,0,0,0.05942999944090843,0,1,-0.4097136855125427,0.9122126698493958,0.0014960006810724735,0,-0.9122126698493958,-0.4097156822681427,0.0009089996456168592,0,0.0014430007431656122,-0.0009929996449500322,0.9999979734420776,0,0,0.13931700587272644,0,1,0.9486817717552185,-0.05407005175948143,-0.31157660484313965,0,-0.006248973309993744,0.9818760752677917,-0.189418762922287,0,0.3161715865135193,0.1816447377204895,0.9311498403549194,0,0,0.10357099771499634,0,1,-0.9857710003852844,-0.10665198415517807,0.1299280822277069,0,0.009571964852511883,0.7360734343528748,0.6768335103988647,0,-0.16782306134700775,0.6684465408325195,-0.724579393863678,0,0,0.054799001663923264,0,1,0.9971029758453369,-0.07231399416923523,0.023579994216561317,0,0.07231399416923523,0.8051710724830627,-0.5886169672012329,0,0.023579994216561317,0.5886169672012329,0.808068037033081,0,0,0.00011999999696854502,0,1,0.9994570016860962,-0.03264501318335533,0.004418004769831896,0,0.03264501318335533,0.9634979367256165,-0.26571813225746155,0,0.004418004769831896,0.26571813225746155,0.9640409350395203,0,0,0.00018000000272877514,0,1,0.020610060542821884,-0.011160999536514282,0.9997249841690063,0,-0.9988030195236206,-0.04459407180547714,0.02009306102991104,0,0.04435807093977928,-0.9989429712295532,-0.012066004797816277,0,-0.029879000037908554,0.039877999573946,-0.00003400000059627928,1,0.6628928184509277,0.18853195011615753,0.7245891690254211,0,-0.7476111650466919,0.11416704952716827,0.6542497873306274,0,0.04062287509441376,-0.9754080176353455,0.2166290134191513,0,0,0.05942999944090843,0,1,0.3577353358268738,-0.9338172674179077,0.0033530034124851227,0,0.9338162541389465,0.3577173352241516,-0.005113001447170973,0,0.0035750034730881453,0.004961001221090555,0.9999809861183167,0,0,0.13932399451732635,0,1,0.9899500012397766,0.013933002017438412,0.1407310515642166,0,-0.028127027675509453,0.9946529865264893,0.09937313944101334,0,-0.13859404623508453,-0.10233315080404282,0.9850479960441589,0,0,0.10357200354337692,0,1,-0.9912449717521667,-0.05817306786775589,0.1185310035943985,0,-0.01542002521455288,0.9425728917121887,0.3336442708969116,0,-0.131133034825325,0.3288952708244324,-0.9352178573608398,0,0,0.04310600087046623,0,1,0.5619879961013794,-0.8131870031356812,0.1513170301914215,0,0.7356619834899902,0.5750240087509155,0.357977956533432,0,-0.3781140148639679,-0.0898609608411789,0.9213870167732239,0,0,0.006306999828666449,0,1,-0.10138999670743942,0.9507279992103577,-0.2929779887199402,0,0.8543090224266052,-0.06769999861717224,-0.5153380036354065,0,-0.509781002998352,-0.3025439977645874,-0.8053510189056396,0,-0.007689999882131815,0.00380500010214746,-0.007416000124067068,1,-0.9816540479660034,-0.18815183639526367,-0.03089877963066101,0,0.17066392302513123,-0.9392951130867004,0.29765573143959045,0,-0.08502770215272903,0.28692078590393066,0.9541730880737305,0,0.03106899932026863,-0.01570199988782406,0.0008019999950192869,1,0.9960139393806458,-0.042944394052028656,-0.07817920297384262,0,-0.07230700552463531,0.12448444217443466,-0.9895837306976318,0,0.05222953110933304,0.9912917017936707,0.12088339030742645,0,0,0.18711799383163452,0,1,0.995639979839325,-0.07686914503574371,0.05283702164888382,0,0.0005900436080992222,0.571631908416748,0.8205101490020752,0,-0.09327513724565506,-0.8169010877609253,0.5691848993301392,0,0,0.1868789941072464,0,1,0.99959397315979,-0.004332015290856361,-0.02816401794552803,0,0.019538018852472305,0.8236621022224426,0.5667438507080078,0,0.020743010565638542,-0.5670638084411621,0.8234121203422546,0,0,0.07976700365543365,0,1,-0.9781530499458313,0.08959789574146271,-0.18758679926395416,0,-0.18428084254264832,-0.7913398146629333,0.5829423069953918,0,-0.09621486812829971,0.6047752499580383,0.7905628085136414,0,-0.03106899932026863,-0.01570199988782406,0.0003769999893847853,1,0.9963610172271729,0.08518987149000168,0.0027708844281733036,0,-0.07523796707391739,0.894314706325531,-0.4410671889781952,0,-0.04005270078778267,0.43925318121910095,0.897469699382782,0,0,0.18710799515247345,0,1,0.9949829578399658,0.08378951251506805,-0.05466911941766739,0,-0.04693643003702164,0.8735070824623108,0.4845438003540039,0,0.08835332840681076,-0.4795467257499695,0.8730571269989014,0,0,0.18685199320316315,0,1,0.9991850256919861,-0.013896786607801914,0.03789794445037842,0,-0.013557100668549538,0.7688007950782776,0.6393439173698425,0,-0.03802085295319557,-0.6393369436264038,0.7679857611656189,0,0,0.07939399778842926,0,1
