0.667,30,20,33
B0,mixamorig_Hips,-1,0.16371074318885803,-0.036382026970386505,0.9857433438301086,0,-0.3382311165332794,0.936581552028656,0.09072700142860413,0,-0.9266629219055176,-0.34837019443511963,0.14108878374099731,0,0.0009025387698784471,0.3851598799228668,-0.0007158437510952353,1
B1,mixamorig_Spine,0,0.9813635349273682,0.0005019637173973024,-0.19080431759357452,0,0.021427080035209656,0.9932793378829956,0.1125931590795517,0,0.18958018720149994,-0.11486967653036118,0.974982738494873,0,0,0.028234999626874924,-0.0010860000038519502,1
B2,mixamorig_Spine1,1,0.9966505765914917,-0.018237881362438202,-0.07917976379394531,0,0.023024598136544228,0.997923731803894,0.0599529966711998,0,0.07792212814092636,-0.061615362763404846,0.9950226545333862,0,0,0.032965000718832016,0,1
B3,mixamorig_Spine2,2,0.9966447353363037,-0.01920105703175068,-0.07902073115110397,0,0.023966744542121887,0.9979102611541748,0.05979447066783905,0,0.07770766317844391,-0.061528511345386505,0.9950454831123352,0,0,0.037675000727176666,0,1
B4,mixamorig_Neck,3,0.9921625852584839,0.031750768423080444,-0.12055563926696777,0,-0.03213071450591087,0.9994683861732483,-0.0012088612420484424,0,0.12045682221651077,0.005037585273385048,0.9926842451095581,0,0,0.04238399863243103,0,1
B5,mixamorig_Head,4,0.6259982585906982,-0.49754902720451355,-0.6002078652381897,0,0.21068455278873444,0.8492333889007568,-0.48413267731666565,0,0.7506029009819031,0.1765475571155548,0.6364793181419373,0,0,0.011494999751448631,0.0006169999833218753,1
B6,mixamorig_HeadTop_End,5,1,0,0,0,0,1,0,0,0,0,1,0,0,0.05509600043296814,0.002957999939098954,1
B7,mixamorig_LeftShoulder,3,-0.04981815069913864,0.010704629123210907,-0.9984844923019409,0,0.9984102845191956,-0.012328971177339554,-0.04994848743081093,0,-0.012855574488639832,-0.9998162388801575,-0.010282614268362522,0,0.029879000037908554,0.039882998913526535,-0.00015900000289548188,1
B8,mixamorig_LeftArm,7,0.962410032749176,0.1219165250658989,-0.23786813020706177,0,0.13538578152656555,0.5438134670257568,0.8264949321746826,0,0.22959396243095398,-0.8296908736228943,0.5083096027374268,0,0,0.05942999944090843,0,1
B9,mixamorig_LeftForeArm,8,0.5235776305198669,0.8499181866645813,0.0005663865013048053,0,-0.8499181866645813,0.5235773921012878,0.0008474565111100674,0,0.0004271672514732927,-0.0009248424903489649,0.9999991655349731,0,0,0.13931700587272644,0,1
B10,mixamorig_LeftHand,9,0.8839576840400696,0.17630431056022644,-0.4297857880592346,0,-0.22915765643119812,0.9697617888450623,-0.07220311462879181,0,0.40381792187690735,0.16381731629371643,0.8992241621017456,0,0,0.10357099771499634,0,1
B11,mixamorig_LeftHandIndex1,10,-0.9752944707870483,-0.08303026854991913,0.20466412603855133,0,-0.07981065660715103,0.9963590502738953,0.024074789136648178,0,-0.20598606765270233,0.007148808799684048,-0.978370726108551,0,0,0.054799001663923264,0,1
B12,mixamorig_LeftHandIndex2,11,0.9999903440475464,-0.003841943573206663,0.00007820187602192163,0,0.003841943573206663,0.9993552565574646,-0.03126902878284454,0,0.00007740362343611196,0.03126902878284454,0.9993649125099182,0,0,0.00011999999696854502,0,1
B13,mixamorig_LeftHandIndex3,12,0.9996146559715271,0.027498923242092133,0.0031353188678622246,0,-0.027498923242092133,0.974096953868866,0.22383259236812592,0,0.0031353188678622246,-0.22383259236812592,0.9744822978973389,0,0,0.00018000000272877514,0,1
B14,mixamorig_LeftHandIndex4,13,1,0,0,0,0,1,0,0,0,0,1,0,0,0.00018000000272877514,0,1
B15,mixamorig_RightShoulder,3,0.27443549036979675,-0.0019280853448435664,0.9615947604179382,0,-0.9604085683822632,-0.04965199530124664,0.27400442957878113,0,0.0472225584089756,-0.9987370371818542,-0.015449305064976215,0,-0.029879000037908554,0.039877999573946,-0.00003400000059627928,1
B16,mixamorig_RightArm,15,0.9896538853645325,0.11375007778406143,0.06379169225692749,0,-0.11267825216054916,0.4947218596935272,0.8588646650314331,0,0.06867368519306183,-0.8602094054222107,0.5037050247192383,0,0,0.05942999944090843,0,1
B17,mixamorig_RightForeArm,16,0.36017918586730957,-0.9249237179756165,0.003339591668918729,0,0.9249227046966553,0.36016038060188293,-0.005064602941274643,0,0.003562907688319683,0.004913778509944677,0.9999814033508301,0,0,0.13932399451732635,0,1
B18,mixamorig_RightHand,17,0.7984697818756104,0.37502068281173706,0.46741750836372375,0,-0.5395461320877075,0.7912307381629944,0.2863849699497223,0,-0.2635181248188019,-0.4801700711250305,0.8351393342018127,0,0,0.10357200354337692,0,1
B19,mixamorig_RightHandIndex1,18,-0.9854663610458374,-0.027461471036076546,0.16763436794281006,0,0.06899549812078476,0.837069034576416,0.5427291989326477,0,-0.15522566437721252,0.5464074015617371,-0.8230090141296387,0,0,0.04310600087046623,0,1
B20,mixamorig_RightHandIndex2,19,0.6051950454711914,-0.7925662994384766,-0.0746752992272377,0,0.7069527506828308,0.4919443428516388,0.5081422328948975,0,-0.36600106954574585,-0.36031702160835266,0.8580289483070374,0,0,0.006306999828666449,0,1
B21,mixamorig_RightHandIndex3,20,-0.09355257451534271,0.98830246925354,-0.1204373836517334,0,0.7237030267715454,-0.015571743249893188,-0.6899356245994568,0,-0.6837412118911743,-0.1517060250043869,-0.7137812972068787,0,-0.007689999882131815,0.00380500010214746,-0.007416000124067068,1
B22,mixamorig_RightHandIndex4,21,1,0,0,0,0,1,0,0,0,0,1,0,0.00011200000153621659,0.00002700000004551839,0.00015700000221841037,1
B23,mixamorig_LeftUpLeg,0,-0.9879347085952759,-0.15158426761627197,-0.01685216836631298,0,0.08247093111276627,-0.6057723164558411,0.7841338515281677,0,-0.12923143804073334,0.7732847929000854,0.6109321713447571,0,0.03106899932026863,-0.01570199988782406,0.0008019999950192869,1
B24,mixamorig_LeftLeg,23,0.9980114698410034,0.05367320030927658,0.017127778381109238,0,0.037881530821323395,-0.421660453081131,-0.9058812856674194,0,-0.041386570781469345,0.9047448039054871,-0.4228247106075287,0,0,0.18711799383163452,0,1
B25,mixamorig_LeftFoot,24,0.9852089285850525,0.16616061329841614,0.041132599115371704,0,-0.1318848580121994,0.5845947861671448,0.7971336245536804,0,0.10898540914058685,-0.7907218337059021,0.5979222059249878,0,0,0.1868789941072464,0,1
B26,mixamorig_LeftToeBase,25,0.999923586845398,0.007576781325042248,-0.009785393252968788,0,0.0019232789054512978,0.6859027147293091,0.7276737093925476,0,0.012227481231093407,-0.7276372909545898,0.6858352422714233,0,0,0.07976700365543365,0,1
B27,mixamorig_LeftToe_End,26,1,0,0,0,0,1,0,0,0,0,1,0,0,0.0331760011613369,0,1
B28,mixamorig_RightUpLeg,0,-0.9841567873954773,-0.16803127527236938,-0.056230343878269196,0,0.07829588651657104,-0.6937339305877686,0.7101356387138367,0,-0.1587148755788803,0.6944437623023987,0.6958759427070618,0,-0.03106899932026863,-0.01570199988782406,0.0003769999893847853,1
B29,mixamorig_RightLeg,28,0.9922627806663513,0.12260815501213074,0.01169119868427515,0,-0.05502912402153015,0.5265379548072815,-0.8476114273071289,0,-0.11060606688261032,0.840541422367096,0.5293519496917725,0,0,0.18710799515247345,0,1
B30,mixamorig_RightFoot,29,0.9579782485961914,-0.2508462369441986,-0.13900183141231537,0,0.16390691697597504,0.0820385068655014,0.9808086156845093,0,-0.23497964441776276,-0.9623162150382996,0.11975172907114029,0,0,0.18685199320316315,0,1
B31,mixamorig_RightToeBase,30,0.9999300241470337,-0.008850676007568836,0.00786963477730751,0,-0.00003764556458918378,0.6621398329734802,0.7493805289268494,0,-0.011843749321997166,-0.7493283748626709,0.6620930433273315,0,0,0.07939399778842926,0,1
B32,mixamorig_RightToe_End,31,1,0,0,0,0,1,0,0,0,0,1,0,0,0.03319299966096878,0,1
@28,0,1,2,3,4,5,7,8,9,10,11,12,13,15,16,17,18,19,20,21,23,24,25,26,28,29,30,31
K0.000,0.16775000095367432,-0.04185599833726883,0.9849410057067871,0,-0.33552199602127075,0.9370290040969849,0.0969650000333786,0,-0.9269760251045227,-0.34673500061035156,0.14314299821853638,0,0.001231999951414764,0.38522401452064514,-0.0008490000036545098,1,0.9832850098609924,0.007480999920517206,-0.18192100524902344,0,0.013337000273168087,0.993511974811554,0.11294099688529968,0,0.18158599734306335,-0.11347900331020355,0.9768059849739075,0,0,0.028234999626874924,-0.0010860000038519502,1,0.9970470070838928,-0.016016999259591103,-0.07510600239038467,0,0.020560000091791153,0.997979998588562,0.060113999992609024,0,0.07399100065231323,-0.06148099899291992,0.9953619837760925,0,0,0.032965000718832016,0,1,0.9970420002937317,-0.01691400073468685,-0.07497400045394897,0,0.021438999101519585,0.9979699850082397,0.05996999889612198,0,0.0738070011138916,-0.061400000005960464,0.9953809976577759,0,0,0.037675000727176666,0,1,0.9918829798698425,0.029013000428676605,-0.12379900366067886,0,-0.02942200005054474,0.9995660185813904,-0.001475999946705997,0,0.12370199710130692,0.005106000229716301,0.9923059940338135,0,0,0.04238399863243103,0,1,0.619055986404419,-0.5008389949798584,-0.6049209833145142,0,0.21052899956703186,0.8478999733924866,-0.4865629971027374,0,0.7566019892692566,0.1738560050725937,0.6303390264511108,0,0,0.011494999751448631,0.0006169999833218753,1,-0.03938800096511841,0.01076900027692318,-0.9991660118103027,0,0.9990649819374084,-0.017393000423908234,-0.03957099840044975,0,-0.01780400052666664,-0.9997910261154175,-0.010073999874293804,0,0.029879000037908554,0.039882998913526535,-0.00015900000289548188,1,0.9666200280189514,0.13487599790096283,-0.21783900260925293,0,0.10956399887800217,0.5509690046310425,0.8273019790649414,0,0.23160600662231445,-0.8235539793968201,0.5178009867668152,0,0,0.05942999944090843,0,1,0.49894899129867554,0.8666309714317322,0.0005910000181756914,0,-0.8666309714317322,0.49894899129867554,0.0008640000014565885,0,0.00045399999362416565,-0.0009430000209249556,0.9999989867210388,0,0,0.13931700587272644,0,1,0.8966709971427917,0.1602270007133484,-0.41268399357795715,0,-0.20841500163078308,0.9752219915390015,-0.07420399785041809,0,0.3905690014362335,0.1525460034608841,0.907846987247467,0,0,0.10357099771499634,0,1,-0.9752179980278015,-0.08115699887275696,0.20582400262355804,0,-0.07975800335407257,0.9966999888420105,0.015096000395715237,0,-0.20636999607086182,-0.001693999976851046,-0.9784730076789856,0,0,0.054799001663923264,0,1,0.9999960064888,-0.0027890000492334366,0.00003199999991920777,0,0.0027890000492334366,0.9997379779815674,-0.022698000073432922,0,0.00003099999958067201,0.022698000073432922,0.9997419714927673,0,0,0.00011999999696854502,0,1,0.9995880126953125,0.028497999534010887,0.0033519999124109745,0,-0.028497999534010887,0.972307026386261,0.23196400701999664,0,0.0033519999124109745,-0.23196400701999664,0.9727190136909485,0,0,0.00018000000272877514,0,1,0.27251100540161133,-0.001572999986819923,0.9621509909629822,0,-0.9608029723167419,-0.0533830001950264,0.27204200625419617,0,0.05093500018119812,-0.9985730051994324,-0.01605900004506111,0,-0.029879000037908554,0.039877999573946,-0.00003400000059627928,1,0.9879860281944275,0.12423399835824966,0.09192000329494476,0,-0.1405860036611557,0.4754909873008728,0.8684149980545044,0,0.06418000161647797,-0.8709040284156799,0.48724400997161865,0,0,0.05942999944090843,0,1,0.41890498995780945,-0.9080250263214111,0.003017999930307269,0,0.90802401304245,0.41888800263404846,-0.004972000140696764,0,0.0032510000746697187,0.00482399994507432,0.999983012676239,0,0,0.13932399451732635,0,1,0.800475001335144,0.3520900011062622,0.4850490093231201,0,-0.528668999671936,0.7960619926452637,0.29460999369621277,0,-0.2824000120162964,-0.4922589957714081,0.8233659863471985,0,0,0.10357200354337692,0,1,-0.9854720234870911,-0.027383999899029732,0.16761399805545807,0,0.0689840018749237,0.8372960090637207,0.5423809885978699,0,-0.15519499778747559,0.546064019203186,-0.8232430219650269,0,0,0.04310600087046623,0,1,0.6052590012550354,-0.7924860119819641,-0.07501000165939331,0,0.7069129943847656,0.49178698658943176,0.5083500146865845,0,-0.36597201228141785,-0.360709011554718,0.8578770160675049,0,0,0.006306999828666449,0,1,-0.09351000189781189,0.9883400201797485,-0.12016300112009048,0,0.7234709858894348,-0.015463000163435936,-0.6901819705963135,0,-0.6839929819107056,-0.1514730006456375,-0.7135900259017944,0,-0.007689999882131815,0.00380500010214746,-0.007416000124067068,1,-0.9864199757575989,-0.1623460054397583,-0.02490600012242794,0,0.08795800060033798,-0.6502100229263306,0.7546460032463074,0,-0.1387079954147339,0.7422069907188416,0.6556599736213684,0,0.03106899932026863,-0.01570199988782406,0.0008019999950192869,1,0.9977499842643738,0.06622499972581863,0.010464999824762344,0,0.037154000252485275,-0.4162069857120514,-0.9085109829902649,0,-0.05581099912524223,0.9068549871444702,-0.41773098707199097,0,0,0.18711799383163452,0,1,0.985725998878479,0.1640630066394806,0.03779200091958046,0,-0.13224700093269348,0.6156179904937744,0.776868999004364,0,0.10419099777936935,-0.7707780003547668,0.6285269856452942,0,0,0.1868789941072464,0,1,0.9999250173568726,0.0076939999125897884,-0.009556000120937824,0,0.001706999959424138,0.6840980052947998,0.7293879985809326,0,0.012148999609053135,-0.7293499708175659,0.6840329766273499,0,0,0.07976700365543365,0,1,-0.9843369722366333,-0.16810600459575653,-0.05310999974608421,0,0.07318700104951859,-0.6637210249900818,0.7443910241127014,0,-0.16038699448108673,0.7288450002670288,0.6656280159950256,0,-0.03106899932026863,-0.01570199988782406,0.0003769999893847853,1,0.9918249845504761,0.12748900055885315,0.005518000107258558,0,-0.0610710009932518,0.5121960043907166,-0.8566949963569641,0,-0.1120460033416748,0.8493540287017822,0.5157939791679382,0,0,0.18710799515247345,0,1,0.9582080245018005,-0.2515319883823395,-0.13626499474048615,0,0.16937099397182465,0.11494600027799606,0.9788259863853455,0,-0.23054300248622894,-0.9609990119934082,0.15274499356746674,0,0,0.18685199320316315,0,1,0.9999300241470337,-0.008843000046908855,0.007885999977588654,0,-0.000052999999752501026,0.6622719764709473,0.7492640018463135,0,-0.011849000118672848,-0.7492120265960693,0.6622250080108643,0,0,0.07939399778842926,0,1
K0.033,0.1477288156747818,-0.014723467640578747,0.9889180064201355,0,-0.3489501178264618,0.934810996055603,0.06604544818401337,0,-0.9254239797592163,-0.3548400402069092,0.13296101987361908,0,-0.00040102211642079055,0.3849060535430908,-0.0001889916165964678,1,0.9737608432769775,-0.027111606672406197,-0.22595244646072388,0,0.053436655551195145,0.992358922958374,0.11121688783168793,0,0.22121039032936096,-0.12037207931280136,0.9677689075469971,0,0,0.028234999626874924,-0.0010860000038519502,1,0.9950820207595825,-0.027025124058127403,-0.09529820084571838,0,0.032776135951280594,0.9977009892463684,0.05931597203016281,0,0.09347619116306305,-0.06214698776602745,0.9936800003051758,0,0,0.032965000718832016,0,1,0.9950730204582214,-0.02825012616813183,-0.09503220021724701,0,0.03396813943982124,0.9976739883422852,0.059099964797496796,0,0.09314119070768356,-0.06203698366880417,0.9937180280685425,0,0,0.037675000727176666,0,1,0.9932690262794495,0.04258313775062561,-0.10772280395030975,0,-0.0428481288254261,0.9990820288658142,-0.0001518884237157181,0,0.10761681199073792,0.004766892641782761,0.9941809773445129,0,0,0.04238399863243103,0,1,0.6534664034843445,-0.4845317304134369,-0.5815597772598267,0,0.21129998564720154,0.8545091152191162,-0.47451677918434143,0,0.7268666625022888,0.18719710409641266,0.6607743501663208,0,0,0.011494999751448631,0.0006169999833218753,1,-0.09108654409646988,0.010449937544763088,-0.9957879185676575,0,0.9958199262619019,0.007707593962550163,-0.09100853651762009,0,0.006723590660840273,-0.9999160170555115,-0.011108027771115303,0,0.029879000037908554,0.039882998913526535,-0.00015900000289548188,1,0.9457525014877319,0.07064048945903778,-0.31711626052856445,0,0.2375534474849701,0.5155015587806702,0.8233016729354858,0,0.22163304686546326,-0.8539722561836243,0.4707554876804352,0,0,0.05942999944090843,0,1,0.6210243701934814,0.783791720867157,0.00046899961307644844,0,-0.783791720867157,0.6210233569145203,0.0007819996681064367,0,0.00032099959207698703,-0.0008529996266588569,1,0,0,0.13931700587272644,0,1,0.8336555361747742,0.23991650342941284,-0.497451514005661,0,-0.3112289607524872,0.9481576085090637,-0.06428634375333786,0,0.45623916387557983,0.20841392874717712,0.8651066422462463,0,0,0.10357099771499634,0,1,-0.9755970239639282,-0.09044212847948074,0.20007489621639252,0,-0.08001898974180222,0.9950099587440491,0.059600673615932465,0,-0.20446696877479553,0.04213666543364525,-0.9779659509658813,0,0,0.054799001663923264,0,1,0.9999679923057556,-0.00800806749612093,0.0002610062947496772,0,0.00800806749612093,0.997840940952301,-0.06518155336380005,0,0.0002610062947496772,0.06518155336380005,0.9978729486465454,0,0,0.00011999999696854502,0,1,0.9997199773788452,0.02354593575000763,0.0022779894061386585,0,-0.02354593575000763,0.9811790585517883,0.19165948033332825,0,0.0022779894061386585,-0.19165948033332825,0.9814590811729431,0,0,0.00018000000272877514,0,1,0.2820500433444977,-0.0033330321311950684,0.9593939781188965,0,-0.9588479995727539,-0.034889739006757736,0.2817690372467041,0,0.032533738762140274,-0.9993860125541687,-0.013036957010626793,0,-0.029879000037908554,0.039877999573946,-0.00003400000059627928,1,0.9962528944015503,0.07226891070604324,-0.0475020594894886,0,-0.002257190179079771,0.5708116292953491,0.8210774660110474,0,0.08645359426736832,-0.8178945183753967,0.5688355565071106,0,0,0.05942999944090843,0,1,0.12782205641269684,-0.9917859435081482,0.00461201649159193,0,0.991784930229187,0.12779605388641357,-0.005430999677628279,0,0.004797015804797411,0.005268999375402927,0.9999750256538391,0,0,0.13932399451732635,0,1,0.7905358672142029,0.46574926376342773,0.3976559638977051,0,-0.5825831294059753,0.7721150517463684,0.25384142994880676,0,-0.18880923092365265,-0.43233853578567505,0.8817221522331238,0,0,0.10357200354337692,0,1,-0.9854440093040466,-0.027767999097704887,0.16771499812602997,0,0.06904099881649017,0.8361709713935852,0.5441070199012756,0,-0.15534700453281403,0.5477659702301025,-0.8220829963684082,0,0,0.04310600087046623,0,1,0.6049420237541199,-0.7928839921951294,-0.07335100322961807,0,0.7071099877357483,0.4925670027732849,0.507319986820221,0,-0.3661159873008728,-0.35876598954200745,0.8586300015449524,0,0,0.006306999828666449,0,1,-0.09372100234031677,0.9881539940834045,-0.12152300029993057,0,0.7246209979057312,-0.016001999378204346,-0.6889610290527344,0,-0.6827449798583984,-0.15262800455093384,-0.7145379781723022,0,-0.007689999882131815,0.00380500010214746,-0.007416000124067068,1,-0.993928074836731,-0.10900392383337021,0.015013989992439747,0,0.060760535299777985,-0.4299481213092804,0.900806725025177,0,-0.0917360708117485,0.8962486982345581,0.43396008014678955,0,0.03106899932026863,-0.01570199988782406,0.0008019999950192869,1,0.9990460276603699,0.004010189324617386,0.043490029871463776,0,0.0407601036131382,-0.443237841129303,-0.8954764604568481,0,0.015685778111219406,0.8963955044746399,-0.4429788291454315,0,0,0.18711799383163452,0,1,0.9831629991531372,0.17446008324623108,0.05435016006231308,0,-0.1304520219564438,0.46184682846069336,0.8773135542869568,0,0.12795518338680267,-0.8696324825286865,0.47682985663414,0,0,0.1868789941072464,0,1,0.9999179840087891,0.007112989667803049,-0.010693018324673176,0,0.0027790179010480642,0.6930431723594666,0.7208908796310425,0,0.012538006529211998,-0.7208608984947205,0.692966103553772,0,0,0.07976700365543365,0,1,-0.9834439754486084,-0.16773562133312225,-0.06857643276453018,0,0.09850994497537613,-0.8124843835830688,0.5745992064476013,0,-0.15209892392158508,0.5583301782608032,0.8155562877655029,0,-0.03106899932026863,-0.01570199988782406,0.0003769999893847853,1,0.9939950108528137,0.10329636931419373,0.036116354167461395,0,-0.0311235673725605,0.5832840800285339,-0.8116709589958191,0,-0.1049087643623352,0.8056730628013611,0.5829960703849792,0,0,0.18710799515247345,0,1,0.9570690393447876,-0.24813292920589447,-0.14983049035072327,0,0.14228753745555878,-0.048164770007133484,0.9886530637741089,0,-0.252533882856369,-0.9675279855728149,-0.010790903121232986,0,0,0.18685199320316315,0,1,0.9999300241470337,-0.008881045505404472,0.0078048850409686565,0,0.000023106493244995363,0.6616170406341553,0.7498416900634766,0,-0.011822971515357494,-0.7497887015342712,0.6615710258483887,0,0,0.07939399778842926,0,1
K0.067,0.1292891800403595,0.03854947164654732,0.9908570051193237,0,-0.3596588671207428,0.9330229759216309,0.01062955055385828,0,-0.9240829944610596,-0.357744961977005,0.13449499011039734,0,-0.002612978219985962,0.39018693566322327,0.0006489916704595089,1,0.9584651589393616,-0.08788839727640152,-0.2713305652141571,0,0.11892735213041306,0.9878410696983337,0.10012811422348022,0,0.2592316269874573,-0.12823793292045593,0.9572641253471375,0,0,0.028234999626874924,-0.0010860000038519502,1,0.9925609827041626,-0.03954087570309639,-0.11514480412006378,0,0.04624686762690544,0.9973499774932861,0.05616603046655655,0,0.11261880397796631,-0.06107301265001297,0.9917600154876709,0,0,0.032965000718832016,0,1,0.9925379753112793,-0.040936872363090515,-0.1148558035492897,0,0.04757086560130119,0.9973180294036865,0.0556260347366333,0,0.11227080971002579,-0.06067401543259621,0.9918239712715149,0,0,0.037675000727176666,0,1,0.9944549798965454,0.05645686388015747,-0.08872918784618378,0,-0.05569887161254883,0.9983869791030884,0.010998888872563839,0,0.08920718729496002,-0.00599589291960001,0.9959949851036072,0,0,0.04238399863243103,0,1,0.6938495635986328,-0.4585902690887451,-0.5552192330360413,0,0.21009401977062225,0.8663778901100159,-0.45304420590400696,0,0.6887913346290588,0.19769689440727234,0.6974826455116272,0,0,0.011494999751448631,0.0006169999833218753,1,-0.14521045982837677,0.004245061427354813,-0.9893920421600342,0,0.9872130751609802,0.06708241254091263,-0.1446024626493454,0,0.0657564103603363,-0.9977380037307739,-0.013931971974670887,0,0.029879000037908554,0.039882998913526535,-0.00015900000289548188,1,0.896188497543335,0.01935851015150547,-0.44325074553489685,0,0.3814845681190491,0.47646740078926086,0.7921162843704224,0,0.22652895748615265,-0.8789787888526917,0.41961950063705444,0,0,0.05942999944090843,0,1,0.6597106456756592,0.7515193223953247,0.0004310003714635968,0,-0.7515202760696411,0.659709632396698,0.0007490003481507301,0,0.0002790004073176533,-0.0008180003496818244,1,0,0,0.13931700587272644,0,1,0.7833665013313293,0.2904464900493622,-0.5495254397392273,0,-0.40597105026245117,0.9085603952407837,-0.09851265698671341,0,0.4706648588180542,0.30026307702064514,0.8296483755111694,0,0,0.10357099771499634,0,1,-0.976311981678009,-0.10291287302970886,0.1903240978717804,0,-0.07945100963115692,0.9887080788612366,0.12705832719802856,0,-0.20125102996826172,0.10892633348703384,-0.9734640717506409,0,0,0.054799001663923264,0,1,0.9998909831047058,-0.014755932614207268,0.0008889937889762223,0,0.014755932614207268,0.9926510453224182,-0.12011045962572098,0,0.0008899937965907156,0.12011045962572098,0.9927600622177124,0,0,0.00011999999696854502,0,1,0.9998520016670227,0.017155062407255173,0.0012040106812492013,0,-0.017155062407255173,0.9900539517402649,0.13963651657104492,0,0.0012040106812492013,-0.13963651657104492,0.9902019500732422,0,0,0.00018000000272877514,0,1,0.28591495752334595,-0.006537968292832375,0.9582329988479614,0,-0.9582319855690002,-0.008870258927345276,0.2858539819717407,0,0.006630257703363895,-0.9999390244483948,-0.008801042102277279,0,-0.029879000037908554,0.039877999573946,-0.00003400000059627928,1,0.9861471056938171,0.06348609179258347,-0.15324494242668152,0,0.07868219166994095,0.6342723369598389,0.7690955400466919,0,0.1460264027118683,-0.7704984545707703,0.6204904913902283,0,0,0.05942999944090843,0,1,-0.16753306984901428,-0.9858460426330566,0.006229983642697334,0,0.9858450889587402,-0.16756705939769745,-0.0053990003652870655,0,0.006365984678268433,0.0052370005287230015,0.999966025352478,0,0,0.13932399451732635,0,1,0.7766610980033875,0.49175772070884705,0.39366501569747925,0,-0.59357088804245,0.7805459499359131,0.19601258635520935,0,-0.2108827829360962,-0.3859034478664398,0.8981128334999084,0,0,0.10357200354337692,0,1,-0.9854450225830078,-0.027720000594854355,0.16771699488162994,0,0.0690540000796318,0.8362709879875183,0.5439509749412537,0,-0.15533499419689178,0.5476160049438477,-0.8221849799156189,0,0,0.04310600087046623,0,1,0.6049699783325195,-0.7928490042686462,-0.07349800318479538,0,0.7070930004119873,0.4924980103969574,0.507411003112793,0,-0.36610299348831177,-0.3589380085468292,0.858564019203186,0,0,0.006306999828666449,0,1,-0.09370200335979462,0.9881709814071655,-0.12140200287103653,0,0.7245190143585205,-0.0159549992531538,-0.6890699863433838,0,-0.682856023311615,-0.15252600610256195,-0.7144539952278137,0,-0.007689999882131815,0.00380500010214746,-0.007416000124067068,1,-0.9998999238014221,-0.0020410630386322737,0.013966009952127934,0,0.014042465016245842,-0.243372842669487,0.9698312878608704,0,0.0014200741425156593,0.9699302911758423,0.24337689578533173,0,0.03106899932026863,-0.01570199988782406,0.0008019999950192869,1,0.9986630082130432,0.022957811132073402,0.04631197080016136,0,0.05127889662981033,-0.3272651731967926,-0.9435405135154724,0,-0.00650477921590209,0.9446535110473633,-0.3280051350593567,0,0,0.18711799383163452,0,1,0.9804829955101013,0.1835809051990509,0.07036184519529343,0,-0.1314839869737625,0.3462211489677429,0.9288934469223022,0,0.1461668163537979,-0.9200155138969421,0.3636021316051483,0,0,0.1868789941072464,0,1,0.9999020099639893,0.006098010111600161,-0.012598981149494648,0,0.004581982269883156,0.7079508900642395,0.706247091293335,0,0.013225993141531944,-0.7062351107597351,0.7078538537025452,0,0,0.07976700365543365,0,1,-0.9850329756736755,-0.13100136816501617,-0.11201756447553635,0,0.09298405051231384,-0.9510836005210876,0.2946077585220337,0,-0.14513207972049713,0.279782772064209,0.9490296840667725,0,-0.03106899932026863,-0.01570199988782406,0.0003769999893847853,1,0.9966639876365662,0.03965463489294052,0.07133764773607254,0,0.012122569605708122,0.7924249172210693,-0.6098480224609375,0,-0.08071323484182358,0.6086779832839966,0.7892999649047852,0,0,0.18710799515247345,0,1,0.9655899405479431,-0.24019306898117065,-0.09971649944782257,0,0.09649945795536041,-0.025147229433059692,0.9950149655342102,0,-0.24150310456752777,-0.970399022102356,-0.0011030962923541665,0,0,0.18685199320316315,0,1,0.9999030232429504,-0.013436954468488693,-0.003688885597512126,0,0.0106658935546875,0.5676699280738831,0.8231872916221619,0,-0.008968028239905834,-0.8231462836265564,0.5677579641342163,0,0,0.07939399778842926,0,1
K0.100,0.128028005361557,0.09223700314760208,0.9874719977378845,0,-0.36444100737571716,0.9303820133209229,-0.039653997868299484,0,-0.9223840236663818,-0.3547990024089813,0.15273000299930573,0,-0.004683999810367823,0.39773300290107727,0.0010710000060498714,1,0.9391350150108337,-0.1426900029182434,-0.3125140070915222,0,0.177279993891716,0.980476975440979,0.08507099747657776,0,0.2942740023136139,-0.13529500365257263,0.9460960030555725,0,0,0.028234999626874924,-0.0010860000038519502,1,0.9901760220527649,-0.048590000718832016,-0.1311129927635193,0,0.05583599954843521,0.9970759749412537,0.05216800048947334,0,0.12819500267505646,-0.058977000415325165,0.9899939894676208,0,0,0.032965000718832016,0,1,0.9901319742202759,-0.05011900141835213,-0.13086600601673126,0,0.05723699927330017,0.9970459938049316,0.051208000630140305,0,0.1279129981994629,-0.05819299817085266,0.990077018737793,0,0,0.037675000727176666,0,1,0.9954620003700256,0.06487499922513962,-0.06961800158023834,0,-0.0630360022187233,0.9976099729537964,0.028294000774621964,0,0.07128699868917465,-0.023777000606060028,0.9971719980239868,0,0,0.04238399863243103,0,1,0.7319530248641968,-0.43487000465393066,-0.5245310068130493,0,0.21467800438404083,0.8778160214424133,-0.4281960129737854,0,0.646651029586792,0.20081399381160736,0.7358769774436951,0,0,0.011494999751448631,0.0006169999833218753,1,-0.18465900421142578,-0.010060998611152172,-0.9827510118484497,0,0.9716799855232239,0.1481419950723648,-0.18409599363803864,0,0.14743900299072266,-0.9889150261878967,-0.017580000683665276,0,0.029879000037908554,0.039882998913526535,-0.00015900000289548188,1,0.8243319988250732,-0.017799997702240944,-0.5658270120620728,0,0.5173779726028442,0.4293749928474426,0.7402409911155701,0,0.22977599501609802,-0.9029510021209717,0.3631559908390045,0,0,0.05942999944090843,0,1,0.6310020089149475,0.775780975818634,0.00045900000259280205,0,-0.775780975818634,0.6310020089149475,0.0007730000070296228,0,0.0003100000030826777,-0.0008440000237897038,1,0,0,0.13931700587272644,0,1,0.7661870121955872,0.29918399453163147,-0.5687239766120911,0,-0.44663000106811523,0.8842399716377258,-0.13653600215911865,0,0.4620389938354492,0.3586210012435913,0.8111169934272766,0,0,0.10357099771499634,0,1,-0.9774010181427002,-0.11684499680995941,0.17616400122642517,0,-0.07788799703121185,0.9737809896469116,0.2137400060892105,0,-0.19652000069618225,0.1951889991760254,-0.9608749747276306,0,0,0.054799001663923264,0,1,0.9997379779815674,-0.022779999300837517,0.002130999928340316,0,0.022779999300837517,0.9823939800262451,-0.18542499840259552,0,0.002130999928340316,0.18542499840259552,0.9826560020446777,0,0,0.00011999999696854502,0,1,0.9999539852142334,0.009535999968647957,0.00037100003100931644,0,-0.009535999968647957,0.9969369769096375,0.07762400060892105,0,0.00037100003100931644,-0.07762400060892105,0.996982991695404,0,0,0.00018000000272877514,0,1,0.27794399857521057,-0.009717999957501888,0.9605479836463928,0,-0.9604290127754211,0.015917997807264328,0.27807098627090454,0,-0.01799299754202366,-0.9998260140419006,-0.004908999893814325,0,-0.029879000037908554,0.039877999573946,-0.00003400000059627928,1,0.9658640027046204,0.14633800089359283,-0.21375499665737152,0,0.060224998742341995,0.6756960153579712,0.73471599817276,0,0.2519499957561493,-0.7225099802017212,0.6438180208206177,0,0,0.05942999944090843,0,1,-0.4278460144996643,-0.9038190245628357,0.007654999848455191,0,0.9038190245628357,-0.4278869926929474,-0.00494900019839406,0,0.00774900009855628,0.004801000002771616,0.9999579787254333,0,0,0.13932399451732635,0,1,0.7978469729423523,0.41637998819351196,0.43596699833869934,0,-0.5080609917640686,0.8536819815635681,0.11445699632167816,0,-0.3245199918746948,-0.3128170073032379,0.8926540017127991,0,0,0.10357200354337692,0,1,-0.9854570031166077,-0.027608999982476234,0.16766899824142456,0,0.06901100277900696,0.836650013923645,0.5433719754219055,0,-0.15528300404548645,0.5470409989356995,-0.8225769996643066,0,0,0.04310600087046623,0,1,0.6050770282745361,-0.7927150130271912,-0.07405699789524078,0,0.7070260047912598,0.492235004901886,0.5077580213546753,0,-0.3660539984703064,-0.359593003988266,0.8583109974861145,0,0,0.006306999828666449,0,1,-0.09363099932670593,0.9882339835166931,-0.12094400078058243,0,0.7241320013999939,-0.015773000195622444,-0.6894810199737549,0,-0.6832759976387024,-0.15213699638843536,-0.7141349911689758,0,-0.007689999882131815,0.00380500010214746,-0.007416000124067068,1,-0.9949880242347717,0.0932299941778183,-0.03614099696278572,0,-0.04859699681401253,-0.13500100374221802,0.9896529912948608,0,0.08738598972558975,0.9864500164985657,0.1388549953699112,0,0.03106899932026863,-0.01570199988782406,0.0008019999950192869,1,0.9973719716072083,-0.03823799639940262,0.061535999178886414,0,0.05874500051140785,-0.07025401294231415,-0.9957979917526245,0,0.042399995028972626,0.9967960119247437,-0.06782301515340805,0,0,0.18711799383163452,0,1,0.983102023601532,0.1614450067281723,0.08628600090742111,0,-0.1314450055360794,0.2945210039615631,0.9465619921684265,0,0.12740500271320343,-0.9419090151786804,0.31076499819755554,0,0,0.1868789941072464,0,1,0.9998900294303894,0.005425000097602606,-0.013813000172376633,0,0.00573199987411499,0.7173519730567932,0.6966869831085205,0,0.013687999919056892,-0.696690022945404,0.7172420024871826,0,0,0.07976700365543365,0,1,-0.983618974685669,-0.09507399797439575,-0.15314899384975433,0,0.10260800272226334,-0.9938330054283142,-0.042046986520290375,0,-0.14820699393749237,-0.05707298591732979,0.9873080253601074,0,-0.03106899932026863,-0.01570199988782406,0.0003769999893847853,1,0.9966520071029663,-0.04607299715280533,0.06754100322723389,0,0.06051299721002579,0.9712010025978088,-0.23044902086257935,0,-0.05497799813747406,0.23376502096652985,0.9707379937171936,0,0,0.18710799515247345,0,1,0.9724310040473938,-0.2321069985628128,-0.02245200425386429,0,0.08955500274896622,0.282819002866745,0.9549829959869385,0,-0.21530799567699432,-0.9306660294532776,0.29580798745155334,0,0,0.18685199320316315,0,1,0.9997400045394897,-0.016589999198913574,-0.015626000240445137,0,0.021555999293923378,0.4657459855079651,0.8846560120582581,0,-0.0073990002274513245,-0.8847630023956299,0.46598300337791443,0,0,0.07939399778842926,0,1
K0.133,0.15325544774532318,0.11523579061031342,0.9814449548721313,0,-0.3599238097667694,0.9314660429954529,-0.05316467955708504,0,-0.9203090071678162,-0.3450978398323059,0.1842273473739624,0,-0.00734706362709403,0.40349504351615906,0.000998994684778154,1,0.9264410138130188,-0.1619187742471695,-0.33983710408210754,0,0.1976727396249771,0.9775370359420776,0.07312393188476562,0,0.3203631043434143,-0.1349218636751175,0.9376369714736938,0,0,0.028234999626874924,-0.0010860000038519502,1,0.9888070225715637,-0.05078096687793732,-0.14029501378536224,0,0.05800796300172806,0.9971659779548645,0.047911956906318665,0,0.13746502995491028,-0.05551395192742348,0.9889500141143799,0,0,0.032965000718832016,0,1,0.9887499809265137,-0.05257697030901909,-0.14003200829029083,0,0.05963996797800064,0.9971259832382202,0.0467289574444294,0,0.13717201352119446,-0.05455395579338074,0.9890440106391907,0,0,0.037675000727176666,0,1,0.996222972869873,0.06746402382850647,-0.0546589270234108,0,-0.06496702134609222,0.996815025806427,0.04624412953853607,0,0.05760493502020836,-0.04251813516020775,0.9974340200424194,0,0,0.04238399863243103,0,1,0.7589161396026611,-0.41994890570640564,-0.4976828992366791,0,0.22689411044120789,0.886906087398529,-0.40238773822784424,0,0.6103808283805847,0.19245781004428864,0.7683721780776978,0,0,0.011494999751448631,0.0006169999833218753,1,-0.1974279135465622,-0.025866089388728142,-0.9799759984016418,0,0.9540438652038574,0.22481447458267212,-0.19813692569732666,0,0.2254374921321869,-0.9740578532218933,-0.01970798894762993,0,0.029879000037908554,0.039882998913526535,-0.00015900000289548188,1,0.7574486136436462,-0.0449272096157074,-0.6513473391532898,0,0.614964485168457,0.3841796815395355,0.6886397004127502,0,0.21929579973220825,-0.9221650958061218,0.3186247944831848,0,0,0.05942999944090843,0,1,0.5723375082015991,0.8200182914733887,0.0005180004518479109,0,-0.8200182914733887,0.5723364949226379,0.0008180002914741635,0,0.0003740004904102534,-0.0008920003310777247,1,0,0,0.13931700587272644,0,1,0.77556312084198,0.2778806686401367,-0.5668200254440308,0,-0.42437744140625,0.8942393064498901,-0.1422666758298874,0,0.46733930706977844,0.3508824408054352,0.8114650845527649,0,0,0.10357099771499634,0,1,-0.9788479804992676,-0.12988010048866272,0.15807278454303741,0,-0.07518096268177032,0.9469385743141174,0.3124990165233612,0,-0.19027292728424072,0.29400503635406494,-0.936673641204834,0,0,0.054799001663923264,0,1,0.9994940161705017,-0.0315420888364315,0.004119027405977249,0,0.0315420888364315,0.9659647345542908,-0.25674372911453247,0,0.004119027405977249,0.25674372911453247,0.9664707779884338,0,0,0.00011999999696854502,0,1,0.9999989867210388,0.0011719140456989408,0.0000050021758397633675,0,-0.0011719140456989408,0.9999539852142334,0.009543300606310368,0,0.0000060021557146683335,-0.009543300606310368,0.9999539852142334,0,0,0.00018000000272877514,0,1,0.2589837908744812,-0.011210998520255089,0.9658170342445374,0,-0.9653170704841614,0.031182024627923965,0.25921177864074707,0,-0.03302202373743057,-0.9994509816169739,-0.0027459992561489344,0,-0.029879000037908554,0.039877999573946,-0.00003400000059627928,1,0.9193742871284485,0.3112625777721405,-0.24055399000644684,0,-0.04192715510725975,0.6855487823486328,0.7268180847167969,0,0.3911421298980713,-0.6581322550773621,0.6433268785476685,0,0,0.05942999944090843,0,1,-0.6204651594161987,-0.7841859459877014,0.00871000625193119,0,0.7841849327087402,-0.6205121278762817,-0.0042939940467476845,0,0.008772006258368492,0.004165994469076395,0.9999529719352722,0,0,0.13932399451732635,0,1,0.8194486498832703,0.25813743472099304,0.5117300748825073,0,-0.30864477157592773,0.9510664343833923,0.014485307969152927,0,-0.482950359582901,-0.16981241106987,0.8590242862701416,0,0,0.10357200354337692,0,1,-0.985427975654602,-0.028236009180545807,0.16773100197315216,0,0.06897100061178207,0.8350819945335388,0.5457860827445984,0,-0.15547999739646912,0.549401044845581,-0.8209649920463562,0,0,0.04310600087046623,0,1,0.6046350002288818,-0.7932649850845337,-0.07174396514892578,0,0.7073010206222534,0.4933200180530548,0.5063210129737854,0,-0.3662540018558502,-0.3568839430809021,0.8593559861183167,0,0,0.006306999828666449,0,1,-0.09392300993204117,0.9879720211029053,-0.1228400319814682,0,0.7257339954376221,-0.016522012650966644,-0.6877769827842712,0,-0.6815339922904968,-0.15374703705310822,-0.715453028678894,0,-0.007689999882131815,0.00380500010214746,-0.007416000124067068,1,-0.9862250089645386,0.1363450288772583,-0.09365321695804596,0,-0.11188936233520508,-0.1328922063112259,0.9847946763038635,0,0.12182582169771194,0.981707751750946,0.1463172435760498,0,0.03106899932026863,-0.01570199988782406,0.0008019999950192869,1,0.9863579869270325,-0.1643560230731964,0.009174247272312641,0,0.05771203711628914,0.29307863116264343,-0.9543439745903015,0,0.1541641503572464,0.9418548941612244,0.2985665798187256,0,0,0.18711799383163452,0,1,0.9971988201141357,0.010855965316295624,0.07400064170360565,0,-0.07379897683858871,0.3035542666912079,0.9499519467353821,0,-0.012150821276009083,-0.9527516961097717,0.3035052716732025,0,0,0.1868789941072464,0,1,0.9998949766159058,0.005700008478015661,-0.013320984318852425,0,0.005264985375106335,0.713550865650177,0.7005831003189087,0,0.013498994521796703,-0.7005801200866699,0.7134459018707275,0,0,0.07976700365543365,0,1,-0.9773938059806824,-0.07770217955112457,-0.1966317594051361,0,0.10876722633838654,-0.9823039770126343,-0.15247464179992676,0,-0.18130475282669067,-0.1704147756099701,0.9685488939285278,0,-0.03106899932026863,-0.01570199988782406,0.0003769999893847853,1,0.9902869462966919,-0.07995735108852386,0.11375055462121964,0,0.09847898781299591,0.9808798432350159,-0.16785620152950287,0,-0.09815441071987152,0.17742718756198883,0.979225754737854,0,0,0.18710799515247345,0,1,0.9995258450508118,0.025696661323308945,0.016954660415649414,0,-0.030270012095570564,0.7198891043663025,0.6934287548065186,0,0.005613353569060564,-0.693613588809967,0.720325231552124,0,0,0.18685199320316315,0,1,0.9706112742424011,-0.22509382665157318,0.08512221276760101,0,-0.030820677056908607,0.23453320562839508,0.9716178774833679,0,-0.23866970837116241,-0.9456871151924133,0.22070233523845673,0,0,0.07939399778842926,0,1
