0.667,30,20,33
B0,mixamorig_Hips,-1,0.1402014195919037,-0.04896240308880806,-0.9888932108879089,0,0.15697439014911652,0.9871527552604675,-0.026686159893870354,0,0.9775151610374451,-0.1514766365289688,0.1460438221693039,0,0.011885556392371655,0.4227961599826813,-0.016614019870758057,1
B1,mixamorig_Spine,0,0.9961111545562744,0.07218492776155472,-0.04938410595059395,0,-0.07042937725782394,0.9967893362045288,0.037450000643730164,0,0.051957398653030396,-0.03386852890253067,0.9980140924453735,0,0,0.028317999094724655,-0.001142999972216785,1
B2,mixamorig_Spine1,1,0.9997411966323853,0.012583773583173752,-0.018736254423856735,0,-0.012136896140873432,0.999636709690094,0.0239983182400465,0,0.019032394513487816,-0.023767370730638504,0.9995315074920654,0,0,0.03306400030851364,0,1
B3,mixamorig_Spine2,2,0.9997395277023315,0.012381955049932003,-0.018955152481794357,0,-0.011931095272302628,0.9996414184570312,0.023924393579363823,0,0.019245291128754616,-0.02369420975446701,0.9995287656784058,0,0,0.03778799995779991,0,1
B4,mixamorig_Neck,3,0.96983802318573,0.037177350372076035,0.24083876609802246,0,-0.05389033257961273,0.9965391755104065,0.06319307535886765,0,-0.23766103386878967,-0.07428059726953506,0.9684951305389404,0,0,0.042511001229286194,0,1
B5,mixamorig_Head,4,0.5092555284500122,0.258709192276001,0.8206425309181213,0,-0.051252301782369614,0.9611338973045349,-0.2712462246417999,0,-0.8589246273040771,0.09602037817239761,0.5027532577514648,0,0,0.011487999930977821,0.0007229999755509198,1
B6,mixamorig_HeadTop_End,5,1,0,0,0,0,1,0,0,0,0,1,0,0,0.054951999336481094,0.0034580000210553408,1
B7,mixamorig_LeftShoulder,3,0.3858208656311035,0.030401648953557014,-0.9220654964447021,0,0.9218802452087402,0.023528391495347023,0.3865548074245453,0,0.03344087675213814,-0.9991818070411682,-0.0189184732735157,0,0.02970699965953827,0.04022099822759628,-0.00013099999341648072,1
B8,mixamorig_LeftArm,7,0.6317711472511292,-0.12691296637058258,-0.7638168334960938,0,0.5818930864334106,0.7282437086105347,0.3603079617023468,0,0.5109639167785645,-0.6731913089752197,0.5344394445419312,0,0,0.05949300155043602,0,1
B9,mixamorig_LeftForeArm,8,0.6123011112213135,0.7876507639884949,0.0006698347860947251,0,-0.7876507639884949,0.6123008728027344,0.0011098480317741632,0,0.0004709089989773929,-0.0012069037184119225,0.9999989867210388,0,0,0.13920100033283234,0,1
B10,mixamorig_LeftHand,9,0.9255850315093994,0.29104042053222656,-0.22466924786567688,0,-0.30661410093307495,0.9484862685203552,-0.04601747915148735,0,0.19967792928218842,0.10752726346254349,0.9706202149391174,0,0,0.10313799977302551,0,1
B11,mixamorig_LeftHandIndex1,10,-0.9721587300300598,-0.00044246582547202706,0.23401200771331787,0,-0.029247045516967773,0.9915207028388977,-0.1189597025513649,0,-0.23247334361076355,-0.12246591597795486,-0.963948667049408,0,0,0.0555570013821125,0,1
B12,mixamorig_LeftHandIndex2,11,0.9999292492866516,-0.011670845560729504,0.002425106940791011,0,0.01192008052021265,0.976747989654541,-0.21405775845050812,0,0.00013018076424486935,0.21407149732112885,0.9768174886703491,0,0,0.00011999999696854502,0,1
B13,mixamorig_LeftHandIndex3,12,0.9997932314872742,-0.020215053111314774,0.0020102178677916527,0,0.020298052579164505,0.9900512099266052,-0.13923583924770355,0,0.0008244726341217756,0.1392478346824646,0.990257203578949,0,0,0.00018000000272877514,0,1
B14,mixamorig_LeftHandIndex4,13,1,0,0,0,0,1,0,0,0,0,1,0,0,0.00018000000272877514,0,1
B15,mixamorig_RightShoulder,3,0.015217476524412632,-0.05660836398601532,0.9982801675796509,0,-0.9998289942741394,-0.005100510083138943,0.014946721494197845,0,0.004245718475431204,-0.9983372688293457,-0.05666900426149368,0,-0.02970699965953827,0.04021700099110603,-0.00005400000009103678,1
B16,mixamorig_RightArm,15,0.9774584770202637,-0.15626020729541779,0.1390698403120041,0,-0.0016965431859716773,0.6583573818206787,0.7524740695953369,0,-0.2092946469783783,-0.736231803894043,0.6431455612182617,0,0,0.05949300155043602,0,1
B17,mixamorig_RightForeArm,16,-0.20971731841564178,-0.9776420593261719,0.005306607577949762,0,0.9776430726051331,-0.2097395807504654,-0.004022361245006323,0,0.005046408157795668,0.004344106651842594,0.9999777674674988,0,0,0.13920700550079346,0,1
B18,mixamorig_RightHand,17,0.7640081644058228,-0.06711257994174957,0.6415738463401794,0,0.14329324662685394,0.9861503839492798,-0.06842672824859619,0,-0.6282075643539429,0.14426130056381226,0.7629552483558655,0,0,0.10314899682998657,0,1
B19,mixamorig_RightHandIndex1,18,-0.970579206943512,0.0029919417575001717,0.24068298935890198,0,0.03143735229969025,0.9915875196456909,0.11304020136594772,0,-0.23830820620059967,0.11728258430957794,-0.9625111818313599,0,0,0.04397499933838844,0,1
B20,mixamorig_RightHandIndex2,19,0.4836571216583252,-0.8137623071670532,-0.3222201466560364,0,0.7104237675666809,0.14995259046554565,0.6876062750816345,0,-0.5112423300743103,-0.5614780783653259,0.6506372094154358,0,0,0.006318999920040369,0,1
B21,mixamorig_RightHandIndex3,20,-0.0768524557352066,0.8752444386482239,-0.47752493619918823,0,0.43992310762405396,-0.40002185106277466,-0.8039926290512085,0,-0.8947187662124634,-0.2718823254108429,-0.35429155826568604,0,-0.008437000215053558,0.0008670000243000686,-0.008456000126898289,1
B22,mixamorig_RightHandIndex4,21,1,0,0,0,0,1,0,0,0,0,1,0,0.00009899999713525176,0.0000870000003487803,0.000155999994603917,1
B23,mixamorig_LeftUpLeg,0,-0.9978486895561218,-0.047591082751750946,0.04317491129040718,0,0.06379564106464386,-0.7463866472244263,0.6604576110839844,0,0.0013208119198679924,0.6619508862495422,0.7478251457214355,0,0.03106899932026863,-0.015747999772429466,0.0008009999874047935,1
B24,mixamorig_LeftLeg,23,0.999525785446167,0.009792633354663849,0.021755332127213478,0,0.00605769595131278,0.7979762554168701,-0.6010944247245789,0,-0.02351570688188076,0.6008698344230652,0.7976323366165161,0,0,0.18670399487018585,0,1
B25,mixamorig_LeftFoot,24,0.9975168704986572,-0.03568663448095322,0.05952834710478783,0,-0.03643851354718208,0.46326443552970886,0.8852502107620239,0,-0.059299591928720474,-0.8852267861366272,0.46088707447052,0,0,0.1868789941072464,0,1
B26,mixamorig_LeftToeBase,25,0.9997637867927551,0.0005036218208260834,-0.021684419363737106,0,0.013256030157208443,0.7768526077270508,0.6294249296188354,0,0.017177049070596695,-0.6295649409294128,0.7766637206077576,0,0,0.07976700365543365,0,1
B27,mixamorig_LeftToe_End,26,1,0,0,0,0,1,0,0,0,0,1,0,0,0.0331760011613369,0,1
B28,mixamorig_RightUpLeg,0,-0.9972027540206909,0.025432990863919258,-0.06799778342247009,0,-0.018140524625778198,-0.9942188858985901,-0.09232600033283234,0,-0.07001402229070663,-0.09081107378005981,0.9918980598449707,0,-0.03106899932026863,-0.015747999772429466,0.0003760000108741224,1
B29,mixamorig_RightLeg,28,0.9867146611213684,-0.1495876908302307,0.06219875440001488,0,0.13905934989452362,0.6111987233161926,-0.7602959275245667,0,0.0771230161190033,0.7586386799812317,0.6240705847740173,0,0,0.18669499456882477,0,1
B30,mixamorig_RightFoot,29,0.9858853220939636,0.08066418021917343,-0.14270919561386108,0,0.008118401281535625,0.8461525440216064,0.5320039391517639,0,0.16337330639362335,-0.5265296101570129,0.8338866233825684,0,0,0.18685199320316315,0,1
B31,mixamorig_RightToeBase,30,0.9999219179153442,-0.008149434812366962,0.009311692789196968,0,-0.001385475043207407,0.6735767126083374,0.7389546632766724,0,-0.01231739204376936,-0.738912045955658,0.6735135316848755,0,0,0.07939399778842926,0,1
B32,mixamorig_RightToe_End,31,1,0,0,0,0,1,0,0,0,0,1,0,0,0.03319299966096878,0,1
@28,0,1,2,3,4,5,7,8,9,10,11,12,13,15,16,17,18,19,20,21,23,24,25,26,28,29,30,31
K0.000,0.3248879909515381,-0.12788699567317963,-0.9370660185813904,0,0.17648500204086304,0.9816089868545532,-0.07277800142765045,0,0.9291399717330933,-0.14173300564289093,0.3414829969406128,0,0.0029849999118596315,0.4039269983768463,0.00048600000445730984,1,0.9901859760284424,0.0779390037059784,0.11600399762392044,0,-0.0880889967083931,0.9924709796905518,0.08510400354862213,0,-0.1084979996085167,-0.09448699653148651,0.9895960092544556,0,0,0.028317999094724655,-0.001142999972216785,1,0.9986550211906433,0.023130999878048897,0.046404000371694565,0,-0.025195999071002007,0.9986960291862488,0.044408999383449554,0,-0.045315999537706375,-0.045517999678850174,0.9979349970817566,0,0,0.03306400030851364,0,1,0.9986410140991211,0.023726999759674072,0.04641199856996536,0,-0.025777999311685562,0.9986950159072876,0.04410000145435333,0,-0.04530499875545502,-0.045235998928546906,0.9979479908943176,0,0,0.03778799995779991,0,1,0.9874619841575623,0.021044999361038208,0.15644599497318268,0,-0.023205000907182693,0.99965900182724,0.011989999562501907,0,-0.15613999962806702,-0.015469999983906746,0.9876139760017395,0,0,0.042511001229286194,0,1,0.7452489733695984,0.24988900125026703,0.6181899905204773,0,-0.07913199812173843,0.9537129998207092,-0.290120005607605,0,-0.6620740294456482,0.1672929972410202,0.7305279970169067,0,0,0.011487999930977821,0.0007229999755509198,1,0.39623498916625977,0.012431999668478966,-0.9180650115013123,0,0.9161990284919739,-0.07049199938774109,0.3944750130176544,0,-0.059811998158693314,-0.9974349737167358,-0.03932199999690056,0,0.02970699965953827,0.04022099822759628,-0.00013099999341648072,1,0.9025580286979675,0.08055800199508667,-0.42296499013900757,0,0.301488995552063,0.5830850005149841,0.754397988319397,0,0.3073970079421997,-0.8084070086479187,0.5019810199737549,0,0,0.05949300155043602,0,1,0.4561859965324402,0.8898839950561523,0.0008900000248104334,0,-0.8898839950561523,0.4561839997768402,0.0012540000025182962,0,0.0007099999929778278,-0.0013640000252053142,0.9999989867210388,0,0,0.13920100033283234,0,1,0.9482859969139099,0.27541500329971313,-0.1577949970960617,0,-0.30709099769592285,0.6702809929847717,-0.6755880117416382,0,-0.08030000329017639,0.6891080141067505,0.720196008682251,0,0,0.10313799977302551,0,1,-0.9775949716567993,0.006825000047683716,0.21038299798965454,0,0.033629000186920166,0.9916999936103821,0.12409400194883347,0,-0.20779000222682953,0.12838800251483917,-0.9697110056877136,0,0,0.0555570013821125,0,1,0.9999849796295166,-0.005336000118404627,0.0012150000547990203,0,0.005462000146508217,0.9869570136070251,-0.1608940064907074,0,-0.00034100000630132854,0.16089800000190735,0.9869710206985474,0,0,0.00011999999696854502,0,1,0.9999060034751892,-0.013686999678611755,0.0010689999908208847,0,0.013729000464081764,0.9963629841804504,-0.08409400284290314,0,0.00008600000001024455,0.08410000056028366,0.9964569807052612,0,0,0.00018000000272877514,0,1,-0.0801130011677742,-0.06731899827718735,0.9945099949836731,0,-0.996284008026123,-0.02623400092124939,-0.08203200250864029,0,0.031612999737262726,-0.9973869919776917,-0.06496699899435043,0,-0.02970699965953827,0.04021700099110603,-0.00005400000009103678,1,0.8782240152359009,-0.17105300724506378,0.44661301374435425,0,-0.24892200529575348,0.633895993232727,0.7322660088539124,0,-0.40836301445961,-0.7542650103569031,0.5141239762306213,0,0,0.05949300155043602,0,1,0.4314039945602417,-0.9021549820899963,0.002669000066816807,0,0.9021559953689575,0.43139299750328064,-0.003711000084877014,0,0.002196999965235591,0.004009000025689602,0.9999899864196777,0,0,0.13920700550079346,0,1,0.8370090126991272,0.1884559988975525,0.513713002204895,0,-0.2480120062828064,0.9675089716911316,0.04916299879550934,0,-0.48775699734687805,-0.16855700314044952,0.856552004814148,0,0,0.10314899682998657,0,1,-0.9660400152206421,-0.10959800332784653,0.23399800062179565,0,-0.043988000601530075,0.9621269702911377,0.26902899146080017,0,-0.2546209990978241,0.24959999322891235,-0.9342740178108215,0,0,0.04397499933838844,0,1,0.4534650146961212,-0.8595659732818604,-0.235616996884346,0,0.7175909876823425,0.19531799852848053,0.6685159802436829,0,-0.5286139845848083,-0.47222599387168884,0.7053869962692261,0,0,0.006318999920040369,0,1,-0.05332700163125992,0.853380024433136,-0.5185549855232239,0,0.527538001537323,-0.41683799028396606,-0.7402359843254089,0,-0.8478559851646423,-0.31303200125694275,-0.4279620051383972,0,-0.008437000215053558,0.0008670000243000686,-0.008456000126898289,1,-0.9778379797935486,-0.07491599768400192,0.19550000131130219,0,0.14806300401687622,-0.9076420068740845,0.3927629888057709,0,0.14801999926567078,0.413004994392395,0.8986189961433411,0,0.03106899932026863,-0.015747999772429466,0.0008009999874047935,1,0.9874899983406067,0.15636500716209412,-0.020346999168395996,0,0.004393000155687332,-0.15626999735832214,-0.9877049922943115,0,-0.15762199461460114,0.975259006023407,-0.15500199794769287,0,0,0.18670399487018585,0,1,0.984512984752655,-0.08346699923276901,0.15416400134563446,0,-0.04479699954390526,0.7304080128669739,0.6815400123596191,0,-0.16948899626731873,-0.6778910160064697,0.7153580188751221,0,0,0.1868789941072464,0,1,0.9999229907989502,0.007521000225096941,-0.00989800039678812,0,0.0020290000829845667,0.6867979764938354,0.7268450260162354,0,0.012264999561011791,-0.726809024810791,0.6867300271987915,0,0,0.07976700365543365,0,1,-0.9779160022735596,-0.16432100534439087,0.12914900481700897,0,0.20284000039100647,-0.8951219916343689,0.39700499176979065,0,0.05036799982190132,0.4144349992275238,0.9086840152740479,0,-0.03106899932026863,-0.015747999772429466,0.0003760000108741224,1,0.9993939995765686,-0.03137100115418434,0.015075000002980232,0,0.03288999944925308,0.7095209956169128,-0.7039170265197754,0,0.011385999619960785,0.7039859890937805,0.7101230025291443,0,0,0.18669499456882477,0,1,0.9943169951438904,-0.0727510005235672,-0.0777209997177124,0,0.08897300064563751,0.16701699793338776,0.9819309711456299,0,-0.058455999940633774,-0.9832659959793091,0.17254100739955902,0,0,0.18685199320316315,0,1,0.9997910261154175,-0.0019079999765381217,0.020376000553369522,0,-0.011819999665021896,0.7589229941368103,0.6510729789733887,0,-0.01670599915087223,-0.6511769890785217,0.7587419748306274,0,0,0.07939399778842926,0,1
K0.033,0.3056127429008484,-0.14620789885520935,-0.9408631324768066,0,0.1955910176038742,0.9767069816589355,-0.08824492990970612,0,0.9318500757217407,-0.1570550799369812,0.32709169387817383,0,-0.0013290062779560685,0.4062930643558502,0.00020697913714684546,1,0.9910460710525513,0.09429794549942017,0.09452667087316513,0,-0.10149990767240524,0.9920420050621033,0.07450787723064423,0,-0.08674868941307068,-0.08343484252691269,0.9927300810813904,0,0,0.028317999094724655,-0.001142999972216785,1,0.9990749955177307,0.022843969985842705,0.03643487021327019,0,-0.024353964254260063,0.9988390207290649,0.0415719710290432,0,-0.03544287383556366,-0.04242096468806267,0.9984710216522217,0,0,0.03306400030851364,0,1,0.999064028263092,0.0232249703258276,0.03650687262415886,0,-0.024728963151574135,0.9988399744033813,0.04131796956062317,0,-0.03550487384200096,-0.042181964963674545,0.9984790086746216,0,0,0.03778799995779991,0,1,0.9859279990196228,0.029387086629867554,0.16456714272499084,0,-0.03302011638879776,0.9992669820785522,0.019379114732146263,0,-0.16387712955474854,-0.024541137740015984,0.986175000667572,0,0,0.042511001229286194,0,1,0.7283616065979004,0.2653241753578186,0.6317373514175415,0,-0.0974791944026947,0.9527310132980347,-0.2877509295940399,0,-0.6782233715057373,0.14800569415092468,0.7197967171669006,0,0,0.011487999930977821,0.0007229999755509198,1,0.3488367199897766,0.02461506612598896,-0.9368601441383362,0,0.9371020793914795,-0.022340569645166397,0.3483397662639618,0,-0.012355579994618893,-0.9994469881057739,-0.030859919264912605,0,0.02970699965953827,0.04022099822759628,-0.00013099999341648072,1,0.8190230131149292,0.050456587225198746,-0.5715372562408447,0,0.44438013434410095,0.5743331909179688,0.6875079274177551,0,0.36294254660606384,-0.8170648813247681,0.4479707181453705,0,0,0.05949300155043602,0,1,0.4139913022518158,0.9102802872657776,0.0009490009979344904,0,-0.9102802872657776,0.413990318775177,0.0012830003397539258,0,0.000775001069996506,-0.0013950004940852523,0.9999989867210388,0,0,0.13920100033283234,0,1,0.8565878868103027,0.5076395869255066,-0.092511847615242,0,-0.4656452536582947,0.6832218766212463,-0.5624778270721436,0,-0.22232989966869354,0.5248898863792419,0.8216207027435303,0,0,0.10313799977302551,0,1,-0.9749809503555298,0.0012190293055027723,0.2222861349582672,0,-0.0030112979002296925,0.99982088804245,-0.018692336976528168,0,-0.22226811945438385,-0.018893368542194366,-0.9748018383979797,0,0,0.0555570013821125,0,1,0.9999589920043945,-0.008872024714946747,0.0018460052087903023,0,0.009061026386916637,0.9816319346427917,-0.19056721031665802,0,-0.00012199776392662898,0.1905762106180191,0.981671929359436,0,0,0.00011999999696854502,0,1,0.9998469948768616,-0.017441026866436005,0.0015650042332708836,0,0.01750502549111843,0.9931190013885498,-0.1157902255654335,0,0.00046500342432409525,0.11580022424459457,0.9932720065116882,0,0,0.00018000000272877514,0,1,-0.012405497021973133,-0.059344951063394547,0.9981600046157837,0,-0.9998649954795837,-0.009984786622226238,-0.013020483776926994,0,0.010738758370280266,-0.9981880187988281,-0.05921294912695885,0,-0.02970699965953827,0.04021700099110603,-0.00005400000009103678,1,0.903607189655304,-0.28304046392440796,0.3215297758579254,0,-0.10221284627914429,0.5864565968513489,0.8035053610801697,0,-0.41598770022392273,-0.7589181065559387,0.5009960532188416,0,0,0.05949300155043602,0,1,0.4361666738986969,-0.8998621702194214,0.0026490013115108013,0,0.8998631834983826,0.43615567684173584,-0.003702000714838505,0,0.0021760014351457357,0.0039990004152059555,0.9999899864196777,0,0,0.13920700550079346,0,1,0.8723441362380981,0.12102524936199188,0.4736758768558502,0,-0.20966756343841553,0.9678649306297302,0.13884083926677704,0,-0.4416508972644806,-0.22043152153491974,0.8696858882904053,0,0,0.10314899682998657,0,1,-0.9664530158042908,-0.09968970715999603,0.23670805990695953,0,-0.031044673174619675,0.9601860046386719,0.27763310074806213,0,-0.2549609839916229,0.2609701454639435,-0.9310689568519592,0,0,0.04397499933838844,0,1,0.4609650671482086,-0.8493359684944153,-0.2571781873703003,0,0.7156969904899597,0.1844659149646759,0.6736100316047668,0,-0.524679958820343,-0.4945721924304962,0.6928988695144653,0,0,0.006318999920040369,0,1,-0.05951404944062233,0.8588180541992188,-0.5088129639625549,0,0.5066378116607666,-0.41319897770881653,-0.7566931247711182,0,-0.860102117061615,-0.3028179109096527,-0.4105188548564911,0,-0.008437000215053558,0.0008670000243000686,-0.008456000126898289,1,-0.9835800528526306,-0.10707708448171616,0.14527161419391632,0,0.17356882989406586,-0.7817438840866089,0.5989573001861572,0,0.04943037033081055,0.6143372654914856,0.7874928712844849,0,0.03106899932026863,-0.015747999772429466,0.0008009999874047935,1,0.9882050156593323,0.15001100301742554,-0.030767925083637238,0,0.005975994281470776,-0.2385444939136505,-0.9711131453514099,0,-0.15301798284053802,0.9594751000404358,-0.2366264909505844,0,0,0.18670399487018585,0,1,0.9884610176086426,-0.03563780337572098,0.147226944565773,0,-0.08843716979026794,0.6533222198486328,0.7518966197967529,0,-0.1229817122220993,-0.7562406063079834,0.6426312923431396,0,0,0.1868789941072464,0,1,0.999879002571106,0.004866972099989653,-0.01479104533791542,0,0.006661043502390385,0.7248993515968323,0.6888226270675659,0,0.014075019396841526,-0.6888376474380493,0.7247793674468994,0,0,0.07976700365543365,0,1,-0.983272135257721,-0.16382759809494019,0.0796012207865715,0,0.17769446969032288,-0.9587982892990112,0.22165267169475555,0,0.04000850394368172,0.232089564204216,0.9718712568283081,0,-0.03106899932026863,-0.015747999772429466,0.0003760000108741224,1,0.9986680150032043,-0.03862590342760086,0.034209463745355606,0,0.05128713697195053,0.8156224489212036,-0.5763062238693237,0,-0.005641495808959007,0.5772932171821594,0.8165174722671509,0,0,0.18669499456882477,0,1,0.9965220093727112,-0.032667793333530426,-0.07665696740150452,0,0.08025994151830673,0.1289823353290558,0.9883937835693359,0,-0.02240169793367386,-0.991108775138855,0.1311563104391098,0,0,0.18685199320316315,0,1,0.9997649788856506,-0.0010780997108668089,0.021634811535477638,0,-0.013019823469221592,0.7683035135269165,0.6399524211883545,0,-0.017311930656433105,-0.640084445476532,0.7681095004081726,0,0,0.07939399778842926,0,1
K0.067,0.2775002717971802,-0.13536810874938965,-0.9511408805847168,0,0.19664998352527618,0.9770650267601013,-0.08168406784534454,0,0.9403839111328125,-0.1643749326467514,0.29775628447532654,0,-0.0019569937139749527,0.4117119312286377,-0.0018789792666211724,1,0.9941229224205017,0.08896805346012115,0.06167132779955864,0,-0.09281008690595627,0.9937199950218201,0.0625121220946312,0,-0.05572230741381645,-0.06786815822124481,0.9961369633674622,0,0,0.028317999094724655,-0.001142999972216785,1,0.9995229840278625,0.01995602808892727,0.023568129166960716,0,-0.020853035151958466,0.9990419745445251,0.03846203163266182,0,-0.02277812734246254,-0.038936033844947815,0.9989820122718811,0,0,0.03306400030851364,0,1,0.9995160102844238,0.020159030333161354,0.02368212677538395,0,-0.021057037636637688,0.9990440011024475,0.03830502927303314,0,-0.022887125611305237,-0.03878503292798996,0.9989849925041199,0,0,0.03778799995779991,0,1,0.983024001121521,0.03822891041636467,0.1794508546590805,0,-0.04446888342499733,0.9985330104827881,0.030882885679602623,0,-0.1780068725347519,-0.03833886235952377,0.9832820296287537,0,0,0.042511001229286194,0,1,0.6891674399375916,0.28290581703186035,0.6670926213264465,0,-0.11691680550575256,0.9519850015640259,-0.28293904662132263,0,-0.7151076197624207,0.11699830740690231,0.6891533136367798,0,0,0.011487999930977821,0.0007229999755509198,1,0.32315126061439514,0.03123193420469761,-0.9458319544792175,0,0.9458839297294617,0.020617572590708733,0.32385024428367615,0,0.029615582898259163,-0.9992989897727966,-0.02287908084690571,0,0.02970699965953827,0.04022099822759628,-0.00013099999341648072,1,0.7189860343933105,0.009157410822808743,-0.6949647665023804,0,0.556152880191803,0.5921128392219543,0.5831779837608337,0,0.4168374538421631,-0.805803120136261,0.42062827944755554,0,0,0.05949300155043602,0,1,0.344674676656723,0.9387217164039612,0.0010469991248100996,0,-0.9387217164039612,0.34467267990112305,0.0013229995965957642,0,0.0008809989667497575,-0.001437999540939927,0.9999989867210388,0,0,0.13920100033283234,0,1,0.7439141273498535,0.6678923964500427,0.022617856040596962,0,-0.5907977223396301,0.6731091141700745,-0.4448401629924774,0,-0.31232911348342896,0.3175600469112396,0.8953242897987366,0,0,0.10313799977302551,0,1,-0.9717090725898743,0.004155970644205809,0.23614487051963806,0,-0.032781705260276794,0.9877941012382507,-0.1522766798734665,0,-0.23389588296413422,-0.1557096391916275,-0.9597122073173523,0,0,0.0555570013821125,0,1,0.9999319911003113,-0.01139097474515438,0.002363994950428605,0,0.011633974500000477,0.9772640466690063,-0.21170778572559357,0,0.00010099777864525095,0.2117207944393158,0.9773300886154175,0,0,0.00011999999696854502,0,1,0.9997959733009338,-0.020092973485589027,0.0019889958202838898,0,0.02017497457563877,0.9901990294456482,-0.13819578289985657,0,0.0008069965988397598,0.13820777833461761,0.9904029965400696,0,0,0.00018000000272877514,0,1,0.03789350017905235,-0.054375048726797104,0.9978010058403015,0,-0.9991919994354248,0.0113117890432477,0.038562484085559845,0,-0.013383761048316956,-0.9984560012817383,-0.05390305072069168,0,-0.02970699965953827,0.04021700099110603,-0.00005400000009103678,1,0.9228818416595459,-0.329211562871933,0.19976921379566193,0,0.01300885435193777,0.5451294183731079,0.8382506370544434,0,-0.3848623037338257,-0.7710078954696655,0.5073729157447815,0,0,0.05949300155043602,0,1,0.40251433849334717,-0.9154088497161865,0.002786998637020588,0,0.9154108166694641,0.4025033414363861,-0.0037659993395209312,0,0.002325998619198799,0.004066999536007643,0.9999889731407166,0,0,0.13920700550079346,0,1,0.8854488730430603,0.045862749218940735,0.4624691307544708,0,-0.1657574325799942,0.9608370661735535,0.22207516431808472,0,-0.4341720640659332,-0.27329346537590027,0.8583731055259705,0,0,0.10314899682998657,0,1,-0.9673619866371155,-0.07081129401922226,0.24330194294452667,0,0.001542676123790443,0.9584969878196716,0.28509894013404846,0,-0.2533920407295227,0.2761688530445099,-0.9271050691604614,0,0,0.04397499933838844,0,1,0.46701693534851074,-0.8405450582504272,-0.2745528221130371,0,0.7142210006713867,0.1755150854587555,0.6775559186935425,0,-0.5213280320167542,-0.5125218033790588,0.6823041439056396,0,0,0.006318999920040369,0,1,-0.06435995548963547,0.8632159233093262,-0.5007160305976868,0,0.4893161654472351,-0.4100000262260437,-0.7697208523750305,0,-0.8697288632392883,-0.2945480942726135,-0.39599713683128357,0,-0.008437000215053558,0.0008670000243000686,-0.008456000126898289,1,-0.9875709414482117,-0.11557392030954361,0.10652238875627518,0,0.15660716593265533,-0.6659331321716309,0.7293877005577087,0,-0.013361375778913498,0.7370038032531738,0.6757561564445496,0,0.03106899932026863,-0.015747999772429466,0.0008009999874047935,1,0.9883480072021484,0.1504170000553131,-0.023313075304031372,0,0.005437005776911974,-0.18795250356197357,-0.9821628928184509,0,-0.15211501717567444,0.9705919027328491,-0.18658049404621124,0,0,0.18670399487018585,0,1,0.9899370074272156,-0.01583319716155529,0.1406230628490448,0,-0.10574682801961899,0.5775867700576782,0.8094514012336731,0,-0.09403728693723679,-0.8161754012107849,0.5700997114181519,0,0,0.1868789941072464,0,1,0.9998109936714172,0.002074027666822076,-0.01934795454144478,0,0.011010956950485706,0.7594966292381287,0.6504183411598206,0,0.016043979674577713,-0.6505083441734314,0.759329617023468,0,0,0.07976700365543365,0,1,-0.992271900177002,-0.12407439202070236,0.0014867763966321945,0,0.12371153384447098,-0.9882987141609192,0.0892283171415329,0,-0.00960150733590126,0.08872242271900177,0.9960097670555115,0,-0.03106899932026863,-0.015747999772429466,0.0003760000108741224,1,0.9963520169258118,-0.02879609726369381,0.08033453673124313,0,0.06507886946201324,0.8653295040130615,-0.49695977568626404,0,-0.05520450696349144,0.5003747940063477,0.8640475273132324,0,0,0.18669499456882477,0,1,0.9971989989280701,-0.012102204374969006,-0.073806032538414,0,0.07439105957746506,0.26249566674232483,0.9620612263679504,0,0.007730700541287661,-0.9648572206497192,0.2626606822013855,0,0,0.18685199320316315,0,1,0.99993497133255,-0.01104690134525299,0.0028351868968456984,0,0.004645824432373047,0.6215424537658691,0.7833665609359741,0,-0.010416069068014622,-0.7833025455474854,0.6215534210205078,0,0,0.07939399778842926,0,1
K0.100,0.2347950041294098,-0.09871000051498413,-0.9670199751853943,0,0.1892710030078888,0.9804319739341736,-0.05412299931049347,0,0.9534400105476379,-0.1703210026025772,0.24888299405574799,0,-0.0003050000814255327,0.41885000467300415,-0.005282000172883272,1,0.9973539710044861,0.06990599632263184,0.019972002133727074,0,-0.07080300152301788,0.9963139891624451,0.04843299835920334,0,-0.016513001173734665,-0.04971799999475479,0.9986270070075989,0,0,0.028317999094724655,-0.001142999972216785,1,0.9998480081558228,0.015337999910116196,0.008239001035690308,0,-0.015611999668180943,0.9992899894714355,0.03430299833416939,0,-0.007707000244408846,-0.034425999969244,0.9993780255317688,0,0,0.03306400030851364,0,1,0.9998459815979004,0.015413999557495117,0.008362000808119774,0,-0.015691999346017838,0.9992899894714355,0.03424699977040291,0,-0.007829001173377037,-0.034373000264167786,0.9993780255317688,0,0,0.03778799995779991,0,1,0.9785490036010742,0.0448249988257885,0.20107999444007874,0,-0.05422699823975563,0.9976660013198853,0.04148999974131584,0,-0.19875100255012512,-0.05150400102138519,0.9786959886550903,0,0,0.042511001229286194,0,1,0.6256610155105591,0.29474401473999023,0.7222700119018555,0,-0.12426099926233292,0.9517080187797546,-0.28073298931121826,0,-0.7701349854469299,0.08589400351047516,0.6320719718933105,0,0,0.011487999930977821,0.0007229999755509198,1,0.32561999559402466,0.0351639986038208,-0.9448469877243042,0,0.943572998046875,0.05169999971985817,0.32710498571395874,0,0.06035099923610687,-0.9980430006980896,-0.016346000134944916,0,0.02970699965953827,0.04022099822759628,-0.00013099999341648072,1,0.6285349726676941,-0.050505995750427246,-0.7761399745941162,0,0.6230239868164062,0.630059003829956,0.4635379910469055,0,0.46560201048851013,-0.7749029994010925,0.427480012178421,0,0,0.05949300155043602,0,1,0.2905130088329315,0.9568700194358826,0.0011230000527575612,0,-0.956870973110199,0.29051101207733154,0.001348000019788742,0,0.0009640000062063336,-0.0014659999869763851,0.9999979734420776,0,0,0.13920100033283234,0,1,0.6894710063934326,0.7127559781074524,0.1288760006427765,0,-0.6432729959487915,0.6843389868736267,-0.3433369994163513,0,-0.33291101455688477,0.15381799638271332,0.9303280115127563,0,0,0.10313799977302551,0,1,-0.9695090055465698,0.012463999912142754,0.24473999440670013,0,-0.047777000814676285,0.9699270129203796,-0.23865899443626404,0,-0.2403540015220642,-0.24307499825954437,-0.9397580027580261,0,0,0.0555570013821125,0,1,0.9999169707298279,-0.01257999986410141,0.0026279999874532223,0,0.012849999591708183,0.9750339984893799,-0.2216850072145462,0,0.00022699999681208283,0.2217009961605072,0.9751150012016296,0,0,0.00011999999696854502,0,1,0.9997699856758118,-0.02132599987089634,0.002208000048995018,0,0.021416999399662018,0.988660991191864,-0.14862799644470215,0,0.0009869999485090375,0.14864100515842438,0.9888910055160522,0,0,0.00018000000272877514,0,1,0.059498999267816544,-0.052661001682281494,0.9968379735946655,0,-0.9975990056991577,0.032308001071214676,0.06125099956989288,0,-0.03543100133538246,-0.9980900287628174,-0.05061199888586998,0,-0.02970699965953827,0.04021700099110603,-0.00005400000009103678,1,0.9448170065879822,-0.3104569911956787,0.10457700490951538,0,0.08355099707841873,0.5370280146598816,0.8394160270690918,0,-0.3167639970779419,-0.784358024597168,0.5333330035209656,0,0,0.05949300155043602,0,1,0.29434698820114136,-0.9556930065155029,0.0032319999299943447,0,0.9556949734687805,0.2943339943885803,-0.003932000137865543,0,0.0028059999458491802,0.004246999975293875,0.999987006187439,0,0,0.13920700550079346,0,1,0.8681510090827942,-0.041471995413303375,0.4945639967918396,0,-0.10782600194215775,0.9569389820098877,0.26952099800109863,0,-0.4844459891319275,-0.28731200098991394,0.826295018196106,0,0,0.10314899682998657,0,1,-0.9670019745826721,-0.034223999828100204,0.2524609863758087,0,0.042851999402046204,0.9549700021743774,0.29359298944473267,0,-0.2511410117149353,0.2947239875793457,-0.9219909906387329,0,0,0.04397499933838844,0,1,0.47137799859046936,-0.8339049816131592,-0.28706198930740356,0,0.7131879925727844,0.16895300149917603,0.6803069710731506,0,-0.5188109874725342,-0.5254110097885132,0.6743720173835754,0,0,0.006318999920040369,0,1,-0.06777100265026093,0.8663930296897888,-0.4947429895401001,0,0.4765630066394806,-0.40754398703575134,-0.7789710164070129,0,-0.8765239715576172,-0.28856799006462097,-0.38527101278305054,0,-0.008437000215053558,0.0008670000243000686,-0.008456000126898289,1,-0.993615984916687,-0.09485000371932983,0.06107400357723236,0,0.10575299710035324,-0.5946409702301025,0.7970060110092163,0,-0.03927899897098541,0.7983769774436951,0.600875973701477,0,0.03106899932026863,-0.015747999772429466,0.0008009999874047935,1,0.9885579943656921,0.1508300006389618,0.0019899988546967506,0,0.0022810001391917467,-0.0017540083499625325,-0.9999960064888,0,-0.15082600712776184,0.9885579943656921,-0.0020780081395059824,0,0,0.18670399487018585,0,1,0.9919340014457703,-0.0165570005774498,0.12566900253295898,0,-0.10023199766874313,0.5044400095939636,0.85760897397995,0,-0.07759200036525726,-0.8632879853248596,0.4987120032310486,0,0,0.1868789941072464,0,1,0.999750018119812,0.00004100009027752094,-0.022363999858498573,0,0.013910000212490559,0.7818809747695923,0.6232720017433167,0,0.017511000856757164,-0.6234269738197327,0.7816849946975708,0,0,0.07976700365543365,0,1,-0.9962030053138733,-0.04116300493478775,-0.07671599835157394,0,0.04601200297474861,-0.9969800114631653,-0.06255698949098587,0,-0.07390899956226349,-0.06584998965263367,0.9950889945030212,0,-0.03106899932026863,-0.015747999772429466,0.0003760000108741224,1,0.991254985332489,-0.022360999137163162,0.1300559937953949,0,0.06889499723911285,0.928259015083313,-0.36549800634384155,0,-0.11255200207233429,0.3712620139122009,0.9216809868812561,0,0,0.18669499456882477,0,1,0.9975219964981079,0.01692499779164791,-0.06829600036144257,0,0.049334000796079636,0.5238549709320068,0.8503779768943787,0,0.050168994814157486,-0.851639986038208,0.5217210054397583,0,0,0.18685199320316315,0,1,0.9995840191841125,-0.020428000018000603,-0.020335998386144638,0,0.026898998767137527,0.40748998522758484,0.9128140211105347,0,-0.010359999723732471,-0.9129809737205505,0.40786999464035034,0,0,0.07939399778842926,0,1
K0.133,0.18358059227466583,-0.05668279528617859,-0.9813690781593323,0,0.18699701130390167,0.9821199774742126,-0.021745868027210236,0,0.9650540351867676,-0.17952105402946472,0.19089756906032562,0,0.0023750357795506716,0.42485204339027405,-0.009176032617688179,1,0.998324990272522,0.05280599370598793,-0.023647334426641464,0,-0.05198398604989052,0.9980639815330505,0.034141913056373596,0,0.02540433220565319,-0.032854896038770676,0.9991369843482971,0,0,0.028317999094724655,-0.001142999972216785,1,0.9999099969863892,0.011198986321687698,-0.0074541219510138035,0,-0.010978983715176582,0.9995239973068237,0.028815947473049164,0,0.007773120887577534,-0.028731945902109146,0.9995570182800293,0,0,0.03306400030851364,0,1,0.9999099969863892,0.011174985207617283,-0.007370122708380222,0,-0.010958983562886715,0.9995250105857849,0.028815947473049164,0,0.007688121870160103,-0.028731945902109146,0.9995579719543457,0,0,0.03778799995779991,0,1,0.9731839299201965,0.04754398763179779,0.22506317496299744,0,-0.05991201475262642,0.9970269799232483,0.04844505712389946,0,-0.22209018468856812,-0.06063006818294525,0.9731389284133911,0,0,0.042511001229286194,0,1,0.5510924458503723,0.29476186633110046,0.7806494235992432,0,-0.11124872416257858,0.9531340599060059,-0.28135398030281067,0,-0.8269953727722168,0.06820601224899292,0.5580564141273499,0,0,0.011487999930977821,0.0007229999755509198,1,0.3499942719936371,0.038043003529310226,-0.935978889465332,0,0.9337508678436279,0.06574396044015884,0.3518332540988922,0,0.07491996884346008,-0.9971110224723816,-0.0125129958614707,0,0.02970699965953827,0.04022099822759628,-0.00013099999341648072,1,0.5730798840522766,-0.11591843515634537,-0.8112599849700928,0,0.6470599174499512,0.6714832782745361,0.36114242672920227,0,0.5028841495513916,-0.7318966388702393,0.45981934666633606,0,0,0.05949300155043602,0,1,0.2990918755531311,0.9542236924171448,0.0011109987972304225,0,-0.9542236924171448,0.2990908622741699,0.0013449995312839746,0,0.0009509986848570406,-0.0014629994984716177,0.9999979734420776,0,0,0.13920100033283234,0,1,0.7361199855804443,0.6602188348770142,0.14912503957748413,0,-0.6163840889930725,0.7449119091033936,-0.2552981376647949,0,-0.27963757514953613,0.0960121601819992,0.9552932977676392,0,0,0.10313799977302551,0,1,-0.9692789912223816,0.021355051547288895,0.24503496289253235,0,-0.04575788974761963,0.9631780385971069,-0.2649417817592621,0,-0.24166998267173767,-0.2680147886276245,-0.9326110482215881,0,0,0.0555570013821125,0,1,0.9999179840087891,-0.012551994062960148,0.0026219985447824,0,0.012820993550121784,0.9750869870185852,-0.2214539498090744,0,0.00022399936278816313,0.2214689552783966,0.9751669764518738,0,0,0.00011999999696854502,0,1,0.999770998954773,-0.021283993497490883,0.0021999988239258528,0,0.02137499488890171,0.9887160062789917,-0.14826694130897522,0,0.0009809990879148245,0.14827993512153625,0.9889450073242188,0,0,0.00018000000272877514,0,1,0.051790788769721985,-0.05278501287102699,0.9972620010375977,0,-0.9976239800453186,0.04269091412425041,0.05406878516077995,0,-0.04542790353298187,-0.9976930022239685,-0.05044802278280258,0,-0.02970699965953827,0.04021700099110603,-0.00005400000009103678,1,0.9671441316604614,-0.24857832491397858,0.053299978375434875,0,0.1003837138414383,0.5660154819488525,0.8182597160339355,0,-0.2335704118013382,-0.786024808883667,0.5723714232444763,0,0,0.05949300155043602,0,1,0.10222086310386658,-0.9947530031204224,0.004023008979856968,0,0.9947550296783447,0.10220485925674438,-0.004093000199645758,0,0.0036600094754248857,0.0044200001284480095,0.9999840259552002,0,0,0.13920700550079346,0,1,0.8193724751472473,-0.095899797976017,0.5651826858520508,0,-0.04215531051158905,0.9731592535972595,0.2262406051158905,0,-0.5717087388038635,-0.2092004120349884,0.7933366894721985,0,0,0.10314899682998657,0,1,-0.9655230045318604,-0.006738903932273388,0.2602289915084839,0,0.0733090341091156,0.9521670341491699,0.29665276408195496,0,-0.24978098273277283,0.3055028021335602,-0.918846070766449,0,0,0.04397499933838844,0,1,0.47441402077674866,-0.8291289210319519,-0.29576510190963745,0,0.7124840021133423,0.16432896256446838,0.682174026966095,0,-0.5170080065727234,-0.5343610644340515,0.6687009334564209,0,0,0.006318999920040369,0,1,-0.07009702175855637,0.868602991104126,-0.4905259609222412,0,0.4675728976726532,-0.4057619571685791,-0.7853230834007263,0,-0.8811710476875305,-0.28440597653388977,-0.37769195437431335,0,-0.008437000215053558,0.0008670000243000686,-0.008456000126898289,1,-0.9979649782180786,-0.061900798231363297,0.015292834490537643,0,0.048327766358852386,-0.5778553485870361,0.8147067427635193,0,-0.041593920439481735,0.8137877583503723,0.5796713829040527,0,0.03106899932026863,-0.015747999772429466,0.0008009999874047935,1,0.9887520670890808,0.14400853216648102,0.04039021208882332,0,-0.0021020304411649704,0.28340885043144226,-0.9589966535568237,0,-0.149550661444664,0.9481247067451477,0.2805238664150238,0,0,0.18670399487018585,0,1,0.9947450160980225,-0.029001181945204735,0.09818870574235916,0,-0.07553867995738983,0.4394646883010864,0.895078182220459,0,-0.0691080242395401,-0.8977921009063721,0.43496471643447876,0,0,0.1868789941072464,0,1,0.9997109770774841,-0.0011410042643547058,-0.0240160059183836,0,0.015506005845963955,0.7939640879631042,0.6077669262886047,0,0.018375003710389137,-0.607962965965271,0.7937520742416382,0,0,0.07976700365543365,0,1,-0.9919319748878479,0.038344208151102066,-0.12083602696657181,0,-0.011504152789711952,-0.976453959941864,-0.21542032063007355,0,-0.12625108659267426,-0.21229130029678345,0.969016969203949,0,-0.03106899932026863,-0.015747999772429466,0.0003760000108741224,1,0.9883480072021484,-0.056389302015304565,0.14138059318065643,0,0.08422728627920151,0.9762887358665466,-0.19941385090351105,0,-0.12678344547748566,0.20899783074855804,0.9696628451347351,0,0,0.18669499456882477,0,1,0.9955130219459534,0.07019516080617905,-0.06345897167921066,0,-0.014701271429657936,0.7772057056427002,0.6290749311447144,0,0.09347803890705109,-0.6253189444541931,0.7747507691383362,0,0,0.18685199320316315,0,1,0.9993249773979187,-0.014339937828481197,-0.033830564469099045,0,0.036673616617918015,0.3320724666118622,0.9425399303436279,0,-0.002282101195305586,-0.943143904209137,0.3323744535446167,0,0,0.07939399778842926,0,1
