<?xml version="1.0" encoding="utf-8"?>
<COLLADA xmlns="http://www.collada.org/2005/11/COLLADASchema" version="1.4.1">
  <asset>
    <contributor>
      <author>Mixamo</author>
      <authoring_tool>COLLADA Mixamo exporter</authoring_tool>
      <comments/>
    </contributor>
    <created>2024-05-23T18:09:53Z</created>
    <modified>2024-05-23T18:09:53Z</modified>
    <revision/>
    <title/>
    <unit meter="0.010000"/>
    <up_axis>Y_UP</up_axis>
  </asset>
  <library_geometries>
    <geometry id="cfpoly-lib" name="cfpolyMesh">
      <mesh>
        <source id="cfpoly-lib-Position" name="position">
          <float_array id="cfpoly-lib-Position-array" count="387"> -0.091700 0.044800 -0.053700 -0.073700 0.050100 0.006800 -0.048800 0.044400 -0.049700 -0.074100 -0.000700 -0.061800 -0.110200 0.000200 0.026700 -0.038000 0.000400 0.030400 -0.077200 0.023200 0.062600 -0.078700 -0.000600 0.073500 -0.080300 0.226500 -0.018300 -0.071900 0.026600 -0.012200 -0.055300 0.235900 0.006800 -0.035300 0.232400 -0.018700 -0.082500 0.026800 -0.021600 -0.055200 0.195300 -0.049600 -0.060300 0.026700 -0.021900 -0.071400 0.026100 -0.035400 -0.061700 0.375000 -0.022000 -0.111000 0.294800 -0.022300 -0.043400 0.317600 0.021600 -0.035100 0.379200 0.003600 -0.000845 0.353580 -0.021426 -0.034700 0.379200 -0.049100 -0.053000 0.206800 -0.021900 -0.043000 0.317400 -0.077500 0.073200 0.050100 0.007400 0.091300 0.044000 -0.052800 0.048400 0.043700 -0.049800 0.073600 -0.000500 -0.061300 0.037600 0.000200 0.029800 0.108800 -0.000500 0.025900 0.076200 0.023100 0.062100 0.077200 -0.000900 0.074000 0.059900 0.025600 -0.021900 0.056100 0.235900 0.006900 0.035100 0.232400 -0.018800 0.080000 0.226400 -0.018200 0.072500 0.025600 -0.012100 0.056000 0.195400 -0.049500 0.082100 0.025700 -0.021600 0.072000 0.026100 -0.035300 0.002939 0.353642 -0.022227 0.043300 0.317600 0.021600 0.035100 0.379200 0.003600 0.034800 0.379200 -0.049100 0.061700 0.375000 -0.022000 0.052700 0.206800 -0.021900 0.043000 0.317400 -0.077500 0.110900 0.294700 -0.022200 -0.170800 0.291400 0.005700 -0.125800 0.270700 0.005800 -0.116700 0.325400 0.003700 -0.164400 0.339100 0.002900 -0.116200 0.326300 -0.054300 -0.163500 0.339900 -0.054000 -0.170500 0.292300 -0.056500 -0.125600 0.270600 -0.056400 -0.098000 0.408500 -0.064600 -0.123300 0.446800 -0.028100 -0.098100 0.408700 0.007900 -0.163800 0.419700 -0.029200 -0.132800 0.321700 -0.010600 -0.132200 0.321500 -0.047000 -0.157800 0.326700 -0.028900 -0.122900 0.522700 -0.029200 -0.053900 0.572000 0.032400 -0.162400 0.571200 -0.029400 -0.107400 0.628400 -0.030000 -0.053800 0.571600 -0.088400 -0.087000 0.514500 -0.010100 -0.086900 0.515400 -0.048500 -0.138700 0.428700 -0.029900 -0.113300 0.423700 -0.014000 -0.112500 0.423400 -0.046000 0.041900 0.583900 -0.029300 -0.041900 0.583900 -0.029300 0.000000 0.553395 -0.060195 -0.045000 0.626800 -0.029300 0.000000 0.569200 0.015700 0.000000 0.655100 -0.050200 0.000000 0.626800 0.018800 0.045000 0.626800 -0.029300 0.164400 0.339800 0.003800 0.164000 0.339500 -0.053500 0.117100 0.325700 -0.053800 0.116500 0.325900 0.003400 0.171400 0.292200 0.006800 0.126000 0.271200 0.006600 0.125400 0.270800 -0.056100 0.170800 0.291800 -0.055800 0.123100 0.446700 -0.028400 0.098900 0.408900 0.008200 0.164100 0.419800 -0.028000 0.098900 0.408600 -0.065000 0.133100 0.321600 -0.047100 0.132500 0.321700 -0.010100 0.158200 0.326800 -0.028200 0.087400 0.515400 -0.048000 0.053300 0.571900 0.031900 0.053500 0.571400 -0.088900 0.109100 0.628800 -0.029900 0.161800 0.571100 -0.029600 0.087900 0.514600 -0.009800 0.123000 0.522700 -0.029500 0.112400 0.423500 -0.013700 0.113200 0.423500 -0.045400 0.138800 0.428700 -0.029600 0.031400 0.475000 -0.046100 0.000000 0.408000 -0.019900 -0.031400 0.475000 -0.046100 -0.031400 0.466600 0.012600 -0.072200 0.504300 -0.062800 0.072200 0.504300 -0.062800 -0.064900 0.574500 -0.060700 -0.047100 0.504300 0.036600 -0.051300 0.550400 0.028300 0.064900 0.574500 -0.060700 0.031400 0.466600 0.012600 0.047100 0.504300 0.036600 0.051300 0.550400 0.028300 -0.039800 0.432100 -0.053400 0.053400 0.399600 -0.056500 -0.053400 0.399600 -0.056500 0.000000 0.350400 -0.041900 0.000000 0.350400 0.005200 -0.034500 0.399600 0.019900 0.039800 0.432100 -0.053400 -0.025100 0.432100 0.015700 0.034600 0.399600 0.019900 0.025100 0.432100 0.015700</float_array>
          <technique_common>
            <accessor count="129" source="#cfpoly-lib-Position-array" stride="3">
              <param name="X" type="float"/>
              <param name="Y" type="float"/>
              <param name="Z" type="float"/>
            </accessor>
          </technique_common>
        </source>
        <source id="cfpoly-lib-Normal0" name="normal">
          <float_array id="cfpoly-lib-Normal0-array" count="654"> 0.018200 0.995584 -0.092098 0.094299 0.208397 -0.973488 -0.761278 0.625282 0.171695 -0.889264 -0.280889 -0.360986 0.724364 0.640768 0.254387 0.858399 -0.391399 -0.331599 0.671399 0.650099 0.355800 -0.726711 0.635510 0.260804 0.003700 -0.999822 -0.018500 -0.789973 0.294690 0.537681 0.002200 -0.999941 0.010600 0.698801 0.261000 0.666001 -0.706784 -0.008000 0.707384 -0.129593 0.963951 -0.232388 0.773085 -0.117698 0.623288 -0.663529 -0.005100 0.748133 -0.771293 0.019100 -0.636194 0.638997 -0.089400 0.763996 0.769595 -0.126399 -0.625896 -0.781629 0.022901 -0.623323 -0.095894 0.666456 -0.739351 0.887343 -0.101405 -0.449822 -0.590477 0.360286 0.722171 -0.687325 0.287511 0.667025 0.599308 0.800511 0.003600 0.599308 0.800511 0.003500 -0.152500 0.988302 -0.001800 0.489428 -0.177210 0.853848 0.489495 -0.177298 0.853791 0.991099 -0.113300 0.069900 0.845232 -0.299011 -0.442917 0.709718 0.213305 -0.671417 0.709591 0.213497 -0.671491 -0.683939 0.378722 -0.623536 -0.449105 -0.292603 0.844209 -0.520275 -0.345784 -0.780863 -0.654328 0.403717 -0.639427 -0.013400 0.994393 -0.104899 -0.068899 0.214096 -0.974380 -0.732448 0.634055 0.247982 -0.853975 -0.399388 -0.333490 0.775897 0.607298 0.170799 0.888832 -0.285010 -0.358813 0.740781 0.617184 0.265193 -0.678497 0.643297 0.354698 -0.010400 -0.999838 -0.014701 -0.709116 0.289507 0.642915 -0.009600 -0.999946 0.003900 0.797666 0.295087 0.525978 -0.762373 -0.101196 0.639177 0.131205 0.961938 -0.239709 0.722472 -0.006000 0.691374 -0.610073 -0.118295 0.783465 -0.873475 -0.097597 -0.476986 0.704594 -0.004800 0.709594 0.806103 0.018000 -0.591502 -0.734385 -0.125197 -0.667086 0.097897 0.667683 -0.737981 0.781914 0.021600 -0.623011 -0.678999 0.121000 0.724099 -0.679007 0.120901 0.724108 -0.624509 0.781012 0.003000 -0.624399 0.781099 0.003200 0.687063 0.286185 0.667864 -0.809513 -0.273304 0.519608 -0.722905 0.206701 -0.659305 -0.723111 0.206603 -0.659110 0.154093 0.988055 -0.001400 0.685396 0.377798 -0.622496 -0.855163 -0.290687 -0.429182 0.655825 0.402715 -0.638525 0.589504 0.359402 0.723405 0.520685 -0.346490 -0.780277 0.447783 -0.293589 0.844568 0.014701 0.036002 0.999244 0.000600 0.058599 0.998281 0.276702 0.960806 0.017000 0.276791 0.960767 0.017699 0.276793 0.960777 0.017100 0.275910 0.961033 0.017001 -0.990771 0.135496 -0.003800 -0.989500 0.144100 -0.011200 -0.989369 0.144895 -0.012400 -0.990932 0.134304 -0.003900 0.018899 0.036199 -0.999166 0.009500 0.051102 -0.998648 -0.435083 -0.900264 -0.015099 -0.417002 -0.908905 0.001000 0.986608 -0.163001 0.005900 0.986642 -0.162807 0.005600 0.986007 -0.166601 0.005900 0.986655 -0.162793 0.003300 0.833983 0.551789 -0.000800 -0.359007 0.505309 0.784714 -0.490028 0.010001 0.871649 -0.331397 0.526995 -0.782593 0.930841 -0.365416 0.002300 -0.593766 -0.035498 0.803854 -0.569493 0.058799 -0.819890 0.927579 -0.373292 0.015800 -0.477494 -0.033700 -0.877989 -0.457604 -0.369803 0.808607 -0.447605 0.437305 0.780009 0.726435 0.687233 -0.001700 -0.501319 -0.308412 0.808431 0.869587 -0.493693 -0.009300 -0.436282 0.411183 -0.800367 -0.443487 -0.364589 -0.818776 0.862410 -0.506206 0.002400 -0.456510 0.070502 0.886920 -0.497220 -0.287711 -0.818532 0.959953 -0.278915 0.026401 -0.512500 0.112400 0.851299 -0.457901 0.083200 -0.885101 0.963359 -0.268189 -0.003800 -0.196596 -0.980480 0.003000 -0.503795 0.116799 -0.855891 0.000200 -0.977441 0.211209 -0.000200 -0.977441 0.211209 0.000000 -0.712883 0.701283 -0.613973 -0.044598 -0.788066 -0.613906 -0.044800 -0.788107 -0.613690 -0.044599 -0.788287 0.000000 -0.950870 -0.309590 -0.463918 0.086603 -0.881635 -0.737295 -0.036300 0.674595 -0.729497 -0.053400 0.681897 0.737295 -0.036300 0.674595 -0.375502 0.857704 0.351202 0.375502 0.857704 0.351202 0.729497 -0.053400 0.681897 0.613903 -0.044900 -0.788104 0.614019 -0.044701 -0.788024 0.613835 -0.045103 -0.788145 0.463918 0.086603 -0.881635 -0.281092 0.959673 -0.004000 -0.281607 0.959523 -0.003700 -0.280604 0.959813 -0.004500 -0.279693 0.960075 -0.005300 -0.030601 0.055001 0.998017 -0.026301 0.058702 0.997929 -0.030401 0.054702 0.998040 -0.029901 0.053002 0.998147 0.418385 -0.908268 0.001900 0.418709 -0.908119 0.001900 -0.014100 0.045199 -0.998878 -0.013601 0.046202 -0.998840 -0.012700 0.040001 -0.999119 -0.008100 0.047801 -0.998824 -0.985302 -0.170500 0.010500 -0.988773 -0.149096 -0.009900 0.989416 0.144902 -0.007700 0.989383 0.144998 -0.009800 0.989835 0.142005 -0.007800 0.989406 0.144801 -0.010400 0.340998 0.531197 0.775596 -0.843659 0.536874 -0.002400 -0.930611 -0.366004 0.001900 0.350287 0.523081 -0.776972 0.484180 0.003100 0.874963 -0.934030 -0.356912 -0.014200 0.606008 -0.036701 -0.794611 0.581203 -0.039400 0.812804 0.491679 0.014099 -0.870662 -0.855572 -0.517683 -0.000200 -0.855385 -0.517991 0.001100 -0.716586 0.697487 -0.004000 0.450788 0.415789 0.789879 -0.856034 -0.516920 0.000100 0.517008 -0.413806 0.749311 0.465472 -0.319581 0.825351 0.452719 -0.330514 -0.828134 0.441291 0.398792 -0.803883 0.472805 0.089501 0.876610 0.486101 -0.390501 -0.781802 -0.965601 -0.258900 -0.024200 0.501802 0.083900 0.860904 0.442811 0.099102 -0.891121 -0.962807 -0.270102 0.006900 0.198094 -0.980173 0.004500 0.510424 0.086704 -0.855541 0.000000 -0.364207 -0.931318 -0.546694 -0.828891 -0.118599 0.000000 -0.496128 -0.868249 0.000000 -0.496010 -0.868317 0.000000 0.029399 -0.999568 0.000000 0.029099 -0.999577 -0.845923 -0.488614 0.213706 -0.979659 0.096596 0.175893 0.000000 0.029599 -0.999562 0.546694 -0.828891 -0.118599 -0.968615 -0.044201 0.244604 0.000000 -0.538395 0.842692 0.000000 0.965228 0.261408 0.000000 0.178797 0.983886 0.000000 0.178894 0.983868 0.846081 -0.488389 0.213595 0.979659 0.096596 0.175893 0.893879 -0.443789 -0.063498 0.968617 -0.043601 0.244704 0.000000 -0.484301 0.874902 -0.893879 -0.443789 -0.063498 0.000000 0.096305 -0.995352 0.000000 0.096295 -0.995353 -0.677615 -0.735417 0.000000 -0.775618 -0.601514 0.191304 0.000000 0.096404 -0.995342 0.000000 1.000000 0.000000 0.677615 -0.735417 0.000000 0.000000 -0.285402 0.958408 0.000000 0.128193 0.991749 0.000000 0.127800 0.991800 0.775601 -0.601601 0.191100 0.911395 0.363098 0.193699 0.926590 0.298697 0.228498 -0.906437 0.357914 0.224209 0.000000 -0.285494 -0.958380 -0.934152 0.296785 0.198190</float_array>
          <technique_common>
            <accessor count="218" source="#cfpoly-lib-Normal0-array" stride="3">
              <param name="X" type="float"/>
              <param name="Y" type="float"/>
              <param name="Z" type="float"/>
            </accessor>
          </technique_common>
        </source>
        <source id="cfpoly-lib-UV0" name="map1">
          <float_array id="cfpoly-lib-UV0-array" count="250"> 0.430800 0.004100 0.004100 0.443000 0.589300 0.211300 0.349500 0.703100 0.609600 0.162600 0.674600 0.150400 0.634000 0.203200 0.544600 1.032200 0.788400 0.373900 0.552700 1.032200 0.837200 0.325100 0.544600 0.186900 0.028400 0.646200 0.524200 0.126000 0.552700 0.890000 0.532400 0.731500 0.195100 0.922500 0.365800 0.195100 0.117900 0.487700 0.016300 0.540500 0.552700 0.195100 0.556800 0.694900 0.353600 0.890000 0.682700 0.105700 0.727400 0.942800 0.004100 0.447000 0.617700 0.178800 0.361700 0.727400 0.581100 0.191000 0.341400 0.682700 0.625800 0.182900 0.678700 0.170700 0.548600 1.032200 0.845300 0.341400 0.780300 0.349500 0.520200 0.121900 0.028400 0.654300 0.544600 0.199100 0.532400 0.743700 0.552700 0.881900 0.191000 0.918500 0.394200 0.219500 0.365800 0.881900 0.349500 0.890000 0.353600 0.186900 0.491700 0.020300 0.000000 0.499900 0.528300 0.662400 0.487700 1.011900 1.016000 0.552700 0.512100 0.369800 0.150400 0.402300 0.288500 0.203200 0.569000 0.174700 0.280400 0.967200 0.605500 0.361700 0.564900 1.020100 0.739600 0.178800 0.345400 0.211300 0.089400 0.426700 0.682700 0.369800 0.353600 0.991600 0.731500 0.983500 0.520200 0.166600 0.552700 0.361700 0.516100 1.024100 1.032200 0.520200 0.516100 -0.445700 0.167600 0.500500 0.268400 0.564800 -0.019100 0.500500 1.051300 0.500500 0.351400 1.272400 0.680800 1.272400 0.864700 0.500500 0.763800 0.564800 0.000000 0.508000 0.491700 0.004100 1.020100 0.536400 0.487700 1.028200 0.495800 0.434800 0.540500 0.597400 0.288500 0.154400 0.150400 0.459200 0.605500 0.438900 0.280400 0.946900 0.569000 0.121900 0.564900 0.995700 0.682700 0.443000 0.085300 0.471400 0.349500 0.154400 0.739600 0.134100 0.731500 0.967200 0.357600 0.967200 0.520200 0.113800 0.552700 0.438900 0.516100 1.003800 0.516100 0.329200 0.239800 0.085300 0.516100 0.256000 0.516100 0.524200 0.077200 0.264200 0.008100 0.564900 0.792500 0.085300 0.016300 0.499900 0.516100 0.231600 0.516100 1.016000 0.516100 0.613700 0.955000 0.264200 1.024100 0.564900 0.979400 0.284500 1.016000 0.499900 0.516100 0.268200 0.052800 0.284500 0.516100 0.573000 0.166600 0.134100 0.113800 0.207300 0.516100 1.032200 0.865600 0.134100 0.516100 0.369800 0.516100 0.581100 0.918500 0.207300 0.991600 0.682700 0.040600 0.682700 0.516100 0.365800</float_array>
          <technique_common>
            <accessor count="125" source="#cfpoly-lib-UV0-array" stride="2">
              <param name="S" type="float"/>
              <param name="T" type="float"/>
            </accessor>
          </technique_common>
        </source>
        <vertices id="cfpoly-lib-Vertex">
          <input semantic="POSITION" source="#cfpoly-lib-Position"/>
        </vertices>
        <polylist count="192">
          <input semantic="VERTEX" offset="0" source="#cfpoly-lib-Vertex"/>
          <input semantic="NORMAL" offset="1" source="#cfpoly-lib-Normal0"/>
          <input semantic="TEXCOORD" offset="2" set="0" source="#cfpoly-lib-UV0"/>
          <vcount> 3 3 3 3 3 3 3 3 3 3 3 3 3 3 3 3 3 3 3 3 3 3 3 3 3 3 3 3 3 3 3 3 3 3 3 3 3 3 3 3 3 3 3 3 3 3 3 3 3 3 3 3 3 3 3 3 3 3 3 3 3 3 3 3 3 3 3 3 3 3 3 3 3 3 3 3 3 3 3 3 3 3 3 3 3 3 3 3 3 3 3 3 3 3 3 3 3 3 3 3 3 3 3 3 3 3 3 3 3 3 3 3 3 3 3 3 3 3 3 3 3 3 3 3 3 3 3 3 3 3 3 3 3 3 3 3 3 3 3 3 3 3 3 3 3 3 3 3 3 3 3 3 3 3 3 3 3 3 3 3 3 3 3 3 3 3 3 3 3 3 3 3 3 3 3 3 3 3 3 3 3 3 3 3 3 3 3 3 3 3 3 3</vcount>
          <p> 0 0 0 1 0 0 2 0 0 3 1 1 0 1 1 2 1 1 4 2 2 1 2 2 0 2 2 3 3 3 4 3 3 0 3 3 1 4 4 5 4 4 2 4 4 2 5 3 5 5 3 3 5 3 6 6 5 5 6 5 1 6 5 1 7 6 4 7 6 6 7 6 4 8 7 5 8 7 7 8 7 6 9 8 4 9 8 7 9 8 5 10 9 4 10 9 3 10 9 5 11 10 6 11 10 7 11 10 8 12 11 9 12 11 10 12 11 8 13 12 10 13 12 11 13 12 9 14 13 11 14 13 10 14 13 8 15 11 12 15 11 9 15 11 13 16 14 12 16 14 8 16 14 9 17 13 14 17 13 11 17 13 14 18 15 15 18 15 13 18 15 13 19 14 15 19 14 12 19 14 13 20 16 8 20 16 11 20 16 14 21 15 13 21 15 11 21 15 16 22 17 17 22 17 18 22 17 16 23 17 18 23 17 19 23 17 20 24 18 21 24 18 19 25 18 19 26 19 21 26 19 16 26 19 22 27 20 20 28 20 19 28 20 22 29 20 19 29 20 18 29 20 20 30 21 22 30 21 23 30 21 20 31 21 23 32 21 21 32 21 16 33 22 21 33 22 23 33 22 22 34 23 18 34 23 17 34 23 22 35 24 17 35 24 23 35 24 16 36 22 23 36 22 17 36 22 24 37 0 25 37 0 26 37 0 25 38 25 27 38 25 26 38 25 28 39 26 24 39 26 26 39 26 28 40 27 26 40 27 27 40 27 24 41 28 29 41 28 25 41 28 27 42 29 25 42 29 29 42 29 29 43 30 24 43 30 30 43 30 28 44 31 30 44 31 24 44 31 28 45 32 29 45 32 31 45 32 30 46 33 28 46 33 31 46 33 29 47 9 28 47 9 27 47 9 29 48 34 30 48 34 31 48 34 32 49 35 33 49 35 34 49 35 34 50 36 33 50 36 35 50 36 36 51 37 35 51 37 33 51 37 32 52 35 36 52 35 33 52 35 37 53 38 32 53 38 34 53 38 36 54 37 38 54 37 35 54 37 35 55 39 38 55 39 39 55 39 37 56 38 39 56 38 32 56 38 37 57 40 34 57 40 35 57 40 35 58 39 39 58 39 37 58 39 40 59 20 41 60 20 42 59 20 43 61 18 40 61 18 42 62 18 41 63 41 44 63 41 42 63 41 40 64 20 45 64 20 41 64 20 46 65 21 40 66 21 43 66 21 43 67 19 42 67 19 44 67 19 44 68 42 46 68 42 43 68 42 46 69 21 45 69 21 40 69 21 46 70 43 44 70 43 47 70 43 41 71 44 47 71 44 44 71 44 47 72 24 45 72 24 46 72 24 47 73 23 41 73 23 45 73 23 48 74 45 49 74 45 50 74 45 48 75 45 50 75 45 51 75 45 52 76 46 53 77 46 51 78 46 52 76 46 51 78 46 50 79 46 54 80 47 51 81 47 53 82 47 54 80 47 48 83 47 51 81 47 52 84 48 55 84 48 54 84 48 52 85 48 54 85 48 53 85 48 48 86 49 54 86 49 55 86 49 48 87 49 55 87 49 49 87 49 50 88 50 55 89 50 52 90 50 50 88 50 49 91 50 55 89 50 56 92 51 57 92 51 58 92 51 58 93 52 57 93 52 59 93 52 59 94 53 60 94 53 58 94 53 59 95 54 57 95 54 56 95 54 58 96 55 61 96 55 56 96 55 59 97 53 62 97 53 60 97 53 56 98 56 61 98 56 62 98 56 58 99 55 60 99 55 61 99 55 56 100 56 62 100 56 59 100 56 63 101 57 64 101 57 65 101 57 64 102 58 66 102 58 65 102 58 67 103 59 66 103 59 64 103 59 63 104 57 68 104 57 64 104 57 64 105 60 68 105 60 69 105 60 65 106 61 66 106 61 67 106 61 67 107 62 63 107 62 65 107 62 64 108 60 69 108 60 67 108 60 70 109 63 68 109 63 63 109 63 67 110 62 69 110 62 63 110 62 68 111 64 71 111 64 72 111 64 70 112 63 71 112 63 68 112 63 69 113 65 70 113 65 63 113 65 68 114 64 72 114 64 69 114 64 70 115 66 72 115 66 71 115 66 69 116 65 72 116 65 70 116 65 73 117 67 74 118 67 75 119 67 75 120 68 74 121 68 76 122 68 77 123 67 74 118 67 73 117 67 78 124 69 75 124 69 76 124 69 79 125 70 74 125 70 77 125 70 79 126 70 76 126 70 74 126 70 73 127 71 79 127 71 77 127 71 78 128 72 76 128 72 79 128 72 78 129 73 79 129 73 80 129 73 73 130 71 80 130 71 79 130 71 73 131 74 75 132 74 80 133 74 78 134 75 80 134 75 75 134 75 81 135 76 82 136 76 83 137 76 81 135 76 83 137 76 84 138 76 85 139 77 81 140 77 84 141 77 85 139 77 84 141 77 86 142 77 87 143 78 88 144 78 85 143 78 87 143 78 85 143 78 86 143 78 83 145 79 88 146 79 87 147 79 83 145 79 82 148 79 88 146 79 87 149 80 86 149 80 84 149 80 87 150 80 84 150 80 83 150 80 81 151 81 88 152 81 82 153 81 81 151 81 85 154 81 88 152 81 89 155 82 90 155 82 91 155 82 89 156 83 92 156 83 90 156 83 93 157 84 90 157 84 92 157 84 89 158 85 91 158 85 92 158 85 94 159 86 91 159 86 90 159 86 93 160 84 94 160 84 90 160 84 91 161 87 95 161 87 93 161 87 94 162 86 95 162 86 91 162 86 91 163 87 93 163 87 92 163 87 96 164 88 97 164 88 98 165 88 99 166 89 98 166 89 97 166 89 99 167 90 97 167 90 100 167 90 96 164 88 101 168 88 97 164 88 101 169 91 102 169 91 100 169 91 101 170 91 100 170 91 97 170 91 100 171 92 96 171 92 98 171 92 99 172 93 100 172 93 98 172 93 103 173 94 102 173 94 101 173 94 100 174 92 102 174 92 96 174 92 104 175 95 103 175 95 101 175 95 103 176 94 105 176 94 102 176 94 102 177 96 104 177 96 96 177 96 104 178 95 101 178 95 96 178 95 104 179 66 105 179 66 103 179 66 102 180 96 105 180 96 104 180 96 106 181 97 107 181 97 108 181 97 109 182 98 110 182 98 108 182 98 111 183 99 106 184 99 108 184 99 111 183 99 108 184 99 110 184 99 112 185 100 111 186 100 110 185 100 110 187 101 109 187 101 113 187 101 110 188 102 114 188 102 112 188 102 112 185 100 115 189 100 111 186 100 111 190 103 116 190 103 106 190 103 114 191 104 110 191 104 113 191 104 109 192 105 116 192 105 117 192 105 109 192 105 117 192 105 113 192 105 114 193 106 118 193 106 115 193 106 114 193 106 115 193 106 112 193 106 113 194 107 118 194 107 114 195 107 116 196 108 111 196 108 117 196 108 118 197 109 111 197 109 115 197 109 113 194 107 117 194 107 118 194 107 107 198 110 106 198 110 116 198 110 111 199 111 118 199 111 117 199 111 109 200 112 107 200 112 116 200 112 107 201 113 109 201 113 108 201 113 119 202 114 120 203 114 121 203 114 122 204 115 123 204 115 121 204 115 123 205 116 124 205 116 121 205 116 119 202 114 125 206 114 120 203 114 126 207 117 125 207 117 119 207 117 122 208 118 120 208 118 123 208 118 123 209 119 127 209 119 124 209 119 126 207 117 128 207 117 125 207 117 127 210 120 126 210 120 124 211 120 120 212 121 127 212 121 123 212 121 120 213 122 125 213 122 128 213 122 127 210 120 128 211 120 126 210 120 120 214 122 128 214 122 127 214 122 124 215 123 119 215 123 121 215 123 122 216 124 121 216 124 120 216 124 124 217 123 126 217 123 119 217 123</p>
        </polylist>
      </mesh>
    </geometry>
  </library_geometries>
  <library_controllers>
    <controller id="cfpolyController">
      <skin source="#cfpoly-lib">
        <bind_shape_matrix>1.000000 0.000000 0.000000 0.000000 -0.000000 1.000000 0.000000 0.000000 -0.000000 -0.000000 1.000000 0.000000 0.000000 0.000000 0.000000 1.000000
</bind_shape_matrix>
        <source id="cfpolyController-Joints">
          <Name_array id="cfpolyController-Joints-array" count="26">
 mixamorig_RightLeg mixamorig_RightFoot mixamorig_RightToeBase
mixamorig_RightUpLeg mixamorig_LeftUpLeg mixamorig_Hips mixamorig_LeftFoot
mixamorig_LeftToeBase mixamorig_LeftLeg mixamorig_RightHandIndex2 mixamorig_RightHandIndex3
mixamorig_RightHand mixamorig_RightForeArm mixamorig_RightHandIndex1 mixamorig_RightArm
mixamorig_RightShoulder mixamorig_Spine2 mixamorig_Spine1 mixamorig_LeftShoulder mixamorig_Neck
mixamorig_Head mixamorig_LeftHand mixamorig_LeftForeArm mixamorig_LeftHandIndex3
mixamorig_LeftArm mixamorig_Spine</Name_array>
          <technique_common>
            <accessor source="#cfpolyController-Joints-array" count="26">
              <param type="name"/>
            </accessor>
          </technique_common>
        </source>
        <source id="cfpolyController-Matrices">
          <float_array id="cfpolyController-Matrices-array" count="416">

-0.996763 0.080384 -0.001359 -0.073314 -0.080343 -0.996582 -0.019191 0.229791 -0.002897 -0.019020 0.999815 0.023493 0.000000 0.000000 0.000000 1.000000
-0.995756 0.081114 -0.043487 -0.074239 -0.084727 -0.623351 0.777338 0.042428 0.035945 0.777723 0.627578 -0.021425 0.000000 0.000000 0.000000 1.000000
-0.994653 0.099145 -0.028908 -0.074716 -0.029128 -0.000770 0.999575 -0.041158 0.099080 0.995073 0.003653 0.007773 0.000000 0.000000 0.000000 1.000000
-0.991857 0.127341 -0.002153 -0.084113 -0.127359 -0.991715 0.016764 0.413465 0.000000 0.016902 0.999857 0.015197 0.000000 0.000000 0.000000 1.000000
-0.991857 -0.127328 0.002519 0.084709 0.127353 -0.991664 0.019615 0.413422 0.000000 0.019776 0.999804 0.013563 0.000000 0.000000 0.000000 1.000000
1.000000 0.000000 0.000000 -0.000300 -0.000000 1.000000 0.000000 -0.436241 0.000000 -0.000000 1.000000 0.022684 0.000000 0.000000 0.000000 1.000000
-0.995757 -0.081382 0.042943 0.074848 0.084336 -0.620498 0.779660 0.042515 -0.036805 0.779974 0.624729 -0.021360 0.000000 0.000000 0.000000 1.000000
-0.994682 -0.098851 0.028924 0.075308 0.029150 -0.000844 0.999575 -0.041399 -0.098784 0.995102 0.003721 0.007810 0.000000 0.000000 0.000000 1.000000
-0.996762 -0.080398 0.001590 0.073918 0.080331 -0.996438 -0.025667 0.229609 0.003648 -0.025457 0.999669 0.024005 0.000000 0.000000 0.000000 1.000000
0.207860 -0.123435 -0.970339 0.043026 -0.977950 -0.005731 -0.208761 -0.150319 0.020207 0.992336 -0.121904 -0.288240 0.000000 0.000000 0.000000 1.000000
0.207860 -0.123435 -0.970339 0.051463 -0.977950 -0.005731 -0.208761 -0.151185 0.020207 0.992336 -0.121904 -0.279784 0.000000 0.000000 0.000000 1.000000
0.023537 0.096842 0.995021 -0.001413 -0.124029 -0.987325 0.099027 0.315278 0.991999 -0.125743 -0.011227 0.179059 0.000000 0.000000 0.000000 1.000000
0.007794 0.015990 0.999842 0.023540 -0.191285 -0.981384 0.017186 0.404854 0.981504 -0.191389 -0.004590 0.199711 0.000000 0.000000 0.000000 1.000000
0.207860 -0.123435 -0.970339 0.043026 -0.977950 -0.005731 -0.208761 -0.144000 0.020207 0.992336 -0.121904 -0.288240 0.000000 0.000000 0.000000 1.000000
0.002061 -0.009971 0.999948 0.034159 -0.215685 -0.976419 -0.009292 0.538219 0.976461 -0.215655 -0.004163 0.209685 0.000000 0.000000 0.000000 1.000000
-0.001717 0.040404 0.999182 0.005034 -0.997201 -0.074760 0.001310 0.013740 0.074752 -0.996383 0.040419 0.576798 0.000000 0.000000 0.000000 1.000000
1.000000 -0.000000 0.000000 -0.000300 -0.000000 0.999186 -0.040340 -0.535994 -0.000000 0.040340 0.999186 0.005068 0.000000 0.000000 0.000000 1.000000
1.000000 -0.000000 0.000000 -0.000300 -0.000000 0.999186 -0.040340 -0.498206 -0.000000 0.040340 0.999186 0.005068 0.000000 0.000000 0.000000 1.000000
-0.004341 -0.040401 -0.999174 -0.005033 0.997201 -0.074760 -0.001310 0.013067 -0.074646 -0.996383 0.040613 0.576848 0.000000 0.000000 0.000000 1.000000
1.000000 0.000000 0.000000 -0.000300 -0.000000 1.000000 0.000000 -0.577829 0.000000 -0.000000 1.000000 0.028400 0.000000 0.000000 0.000000 1.000000
1.000000 0.000000 0.000000 -0.000300 -0.000000 1.000000 0.000000 -0.589318 0.000000 -0.000000 1.000000 0.027677 0.000000 0.000000 0.000000 1.000000
0.052867 -0.279493 -0.958691 0.057697 0.168737 -0.943729 0.284436 0.300065 -0.984242 -0.176804 -0.002731 0.195858 0.000000 0.000000 0.000000 1.000000
-0.003485 0.009236 -0.999951 -0.032099 0.191304 -0.981483 -0.009732 0.403994 -0.981525 -0.191329 0.001653 0.200460 0.000000 0.000000 0.000000 1.000000
-0.264968 0.234521 0.935303 -0.013868 0.893115 0.425351 0.146362 -0.250628 -0.363507 0.874115 -0.322158 -0.196511 0.000000 0.000000 0.000000 1.000000
-0.001347 -0.000444 -0.999999 -0.028143 0.215695 -0.976461 0.000143 0.538380 -0.976460 -0.215694 0.001411 0.210451 0.000000 0.000000 0.000000 1.000000
1.000000 -0.000000 0.000000 -0.000300 -0.000000 0.999186 -0.040340 -0.465142 -0.000000 0.040340 0.999186 0.005068 0.000000 0.000000 0.000000 1.000000</float_array>
          <technique_common>
            <accessor source="#cfpolyController-Matrices-array" count="26" stride="16">
              <param type="float4x4"/>
            </accessor>
          </technique_common>
        </source>
        <source id="cfpolyController-Weights">
          <float_array id="cfpolyController-Weights-array" count="333">

1.000000 0.105183 0.894583 0.000234 0.096684 0.890610 0.012707 0.135395 0.863888 0.000717 0.044664 0.955336 0.000000 0.591629 0.408371 0.528517
0.471483 1.000000 1.000000 0.952814 0.047186 0.138723 0.850613 0.010664 0.894570 0.105430 0.895988 0.104012 0.102663 0.894130 0.003208 0.996847
0.003153 0.070542 0.919824 0.009634 0.070813 0.925684 0.003503 0.995860 0.000110 0.004031 0.000038 0.999962 1.000000 0.000000 0.992044 0.000037
0.007919 0.305290 0.670148 0.024561 0.946200 0.018389 0.035411 0.988350 0.011650 0.999599 0.000401 0.902466 0.040092 0.057441 0.932819 0.003323
0.063858 0.904976 0.003226 0.091799 0.979710 0.007931 0.012359 0.491586 0.508414 0.490638 0.509362 1.000000 1.000000 0.943931 0.018725 0.037344
0.197255 0.802745 0.171731 0.828269 0.071341 0.928659 0.896564 0.025258 0.078178 0.004031 0.995969 0.926423 0.019573 0.054004 0.963273 0.010780
0.025947 0.058613 0.920711 0.020677 1.000000 1.000000 1.000000 1.000000 0.021667 0.978333 1.000000 1.000000 1.000000 0.000000 1.000000 0.139814
0.860186 0.042291 0.957709 0.000000 0.980577 0.019381 0.000042 0.382595 0.614189 0.003217 0.000000 1.000000 0.048501 0.925039 0.026460 0.000003
0.877374 0.122622 0.000000 0.208953 0.791047 0.000000 0.964925 0.035074 0.000000 0.942782 0.057218 0.873433 0.126567 0.945735 0.050051 0.004214
0.097623 0.836974 0.058999 0.006404 0.989341 0.009428 0.001231 0.057745 0.801179 0.014909 0.126166 0.944387 0.054939 0.000674 0.166918 0.833075
0.000007 0.203001 0.655765 0.000610 0.140624 0.835168 0.141781 0.007147 0.015904 0.849116 0.142595 0.002060 0.006229 0.000000 0.725608 0.274392
0.000000 0.769109 0.230891 0.000000 0.658174 0.341826 0.966429 0.033571 0.060272 0.939727 0.922863 0.077137 0.030483 0.969517 1.000000 0.010143
0.989857 0.022219 0.977781 0.039478 0.960522 1.000000 0.307767 0.692233 0.728340 0.271660 1.000000 1.000000 1.000000 1.000000 1.000000 0.000183
0.001050 0.000000 0.408627 0.590140 0.000000 0.978766 0.021234 0.000000 0.983193 0.016807 0.000000 0.931292 0.068707 0.846759 0.153241 0.923740
0.076260 0.952685 0.047315 0.060291 0.008053 0.365590 0.000000 0.000455 0.565611 0.144473 0.066832 0.730945 0.057750 0.057857 0.093590 0.760417
0.088136 0.004875 0.784063 0.211062 0.000630 0.059673 0.939697 0.077120 0.364715 0.000000 0.000787 0.557379 0.004439 0.017435 0.000000 0.001229
0.976897 0.000000 0.867581 0.132419 0.000000 0.821879 0.178121 0.000000 0.884371 0.115629 0.084464 0.230470 0.685065 0.104179 0.823145 0.072676
0.096026 0.273177 0.630797 0.196121 0.165199 0.638680 0.095290 0.020435 0.883526 0.000748 0.117425 0.770580 0.111995 0.169536 0.718421 0.021545
0.090498 0.162756 0.566978 0.270267 0.098270 0.586549 0.315181 0.209676 0.040503 0.692816 0.057005 0.189806 0.160312 0.649883 0.186574 0.541077
0.272349 0.724053 0.190192 0.085755 0.274782 0.725218 0.763048 0.236952 0.672072 0.009238 0.318690 0.308323 0.628216 0.063461 0.463658 0.464741
0.071601 0.670592 0.001806 0.327603 0.422928 0.577072 0.153475 0.846525 0.000000 0.719885 0.280115 0.282756 0.717244</float_array>
          <technique_common>
            <accessor source="#cfpolyController-Weights-array" count="333">
              <param type="float"/>
            </accessor>
          </technique_common>
        </source>
        <joints>
          <input semantic="JOINT" source="#cfpolyController-Joints"/>
          <input semantic="INV_BIND_MATRIX" source="#cfpolyController-Matrices"/>
        </joints>
        <vertex_weights count="129">
          <input semantic="JOINT" offset="0" source="#cfpolyController-Joints"/>
          <input semantic="WEIGHT" offset="1" source="#cfpolyController-Weights"/>
          <vcount>3 3 3 3 2 2 1 1 2 3 2 2 3 2 3 3 3 2 2 3 3 3 2 2 3 3 3 3 2 2 1 1 3 2 2 2 3 2 3 3 3 1 1 1 1 2 1 1 2 1 2 3 3 3 2 3 3 3 3 3 2 3 4 3 4 3 3 4 4 4 3 3 3 2 2 2 2 1 2 2 2 1 2 2 1 1 1 1 1 5 3 3 3 2 2 2 6 4 4 3 3 5 5 3 3 3 3 3 3 3 4 3 4 3 3 4 3 3 3 2 2 3 3 3 3 2 2 3 2</vcount>
          <v>0 1 1 2 2 3 0 4 1 5 2 6 0 7 1 8 2 9 0 10 1 11 2 12 1 13 2 14 1 15 2 16 2 17 2 18 0 19 3 20 0 21 1 22 2 23 0 24 3 25 0 26 3 27 0 28 1 29 2 30 0 31 3 32 0 33 1 34 2 35 0 36 1 37 2 38 3 39 4 40 5 41 0 42 3 43 3 44 4 45 3 46 4 47 5 48 3 49 4 50 5 51 3 52 4 53 5 54 0 55 3 56 3 57 4 58 6 59 7 60 8 61 6 62 7 63 8 64 6 65 7 66 8 67 6 68 7 69 8 70 6 71 7 72 6 73 7 74 7 75 7 76 6 77 7 78 8 79 4 80 8 81 4 82 8 83 4 84 8 85 6 86 7 87 8 88 4 89 8 90 6 91 7 92 8 93 6 94 7 95 8 96 3 97 4 98 5 99 4 100 4 101 4 102 4 103 4 104 8 105 4 106 4 107 9 108 10 109 9 110 9 111 11 112 9 113 11 114 12 115 11 116 12 117 13 118 11 119 12 120 13 121 11 122 13 123 9 124 11 125 13 126 11 127 12 128 14 129 11 130 12 131 14 132 11 133 12 134 14 135 11 136 12 137 14 138 11 139 12 140 11 141 12 142 13 143 9 144 11 145 12 146 13 147 14 148 15 149 16 150 14 151 15 152 16 153 17 154 14 155 15 156 16 157 14 158 15 159 16 160 14 161 15 162 16 163 17 164 14 165 15 166 16 167 17 168 14 169 15 170 16 171 17 172 11 173 12 174 14 175 11 176 12 177 14 178 11 179 12 180 14 181 16 182 18 183 15 184 16 185 16 186 17 187 19 188 20 189 16 190 19 191 20 192 19 193 20 194 19 195 20 196 21 197 21 198 22 199 21 200 22 201 21 202 23 203 21 204 21 205 21 206 16 207 18 208 21 209 22 210 24 211 21 212 22 213 24 214 21 215 22 216 24 217 21 218 22 219 24 220 21 221 22 222 21 223 22 224 21 225 22 226 16 227 17 228 18 229 21 230 22 231 24 232 16 233 17 234 18 235 24 236 16 237 17 238 18 239 24 240 16 241 18 242 24 243 16 244 18 245 24 246 16 247 18 248 21 249 22 250 24 251 16 252 18 253 21 254 22 255 24 256 21 257 22 258 24 259 21 260 22 261 24 262 21 263 22 264 24 265 5 266 17 267 25 268 4 269 5 270 25 271 5 272 17 273 25 274 5 275 17 276 25 277 15 278 16 279 17 280 25 281 16 282 17 283 18 284 14 285 15 286 16 287 17 288 16 289 17 290 25 291 15 292 16 293 17 294 16 295 17 296 18 297 24 298 5 299 17 300 25 301 16 302 17 303 25 304 16 305 17 306 18 307 3 308 5 309 4 310 5 311 3 312 4 313 5 314 3 315 4 316 5 317 3 318 4 319 5 320 3 321 4 322 5 323 4 324 5 325 3 326 5 327 3 328 4 329 5 330 4 331 5 332</v>
        </vertex_weights>
      </skin>
    </controller>
  </library_controllers>
  <library_animations>
    <animation id="mixamorig_Hips-anim" name="mixamorig_Hips">
      <source id="mixamorig_Hips-Matrix-animation-input">
        <float_array id="mixamorig_Hips-Matrix-animation-input-array" count="457">

0.000000 0.033333 0.066667 0.100000 0.133333 0.166667 0.200000 0.233333 0.266667 0.300000 0.333333 0.366667 0.400000 0.433333 0.466667 0.500000
0.533333 0.566667 0.600000 0.633333 0.666667 0.700000 0.733333 0.766667 0.800000 0.833333 0.866667 0.900000 0.933333 0.966667 1.000000 1.033333
1.066667 1.100000 1.133333 1.166667 1.200000 1.233333 1.266667 1.300000 1.333333 1.366667 1.400000 1.433333 1.466667 1.500000 1.533333 1.566667
1.600000 1.633333 1.666667 1.700000 1.733333 1.766667 1.800000 1.833333 1.866667 1.900000 1.933333 1.966667 2.000000 2.033333 2.066667 2.100000
2.133333 2.166667 2.200000 2.233333 2.266667 2.300000 2.333333 2.366667 2.400000 2.433333 2.466667 2.500000 2.533333 2.566667 2.600000 2.633333
2.666667 2.700000 2.733333 2.766667 2.800000 2.833333 2.866667 2.900000 2.933333 2.966667 3.000000 3.033333 3.066667 3.100000 3.133333 3.166667
3.200000 3.233333 3.266667 3.300000 3.333333 3.366667 3.400000 3.433333 3.466667 3.500000 3.533333 3.566667 3.600000 3.633333 3.666667 3.700000
3.733333 3.766667 3.800000 3.833333 3.866667 3.900000 3.933333 3.966667 4.000000 4.033333 4.066667 4.100000 4.133333 4.166667 4.200000 4.233333
4.266667 4.300000 4.333333 4.366667 4.400000 4.433333 4.466667 4.500000 4.533333 4.566667 4.600000 4.633333 4.666667 4.700000 4.733333 4.766667
4.800000 4.833333 4.866667 4.900000 4.933333 4.966667 5.000000 5.033333 5.066667 5.100000 5.133333 5.166667 5.200000 5.233333 5.266667 5.300000
5.333333 5.366667 5.400000 5.433333 5.466667 5.500000 5.533333 5.566667 5.600000 5.633333 5.666667 5.700000 5.733333 5.766667 5.800000 5.833333
5.866667 5.900000 5.933333 5.966667 6.000000 6.033333 6.066667 6.100000 6.133333 6.166667 6.200000 6.233333 6.266667 6.300000 6.333333 6.366667
6.400000 6.433333 6.466667 6.500000 6.533333 6.566667 6.600000 6.633333 6.666667 6.700000 6.733333 6.766667 6.800000 6.833333 6.866667 6.900000
6.933333 6.966667 7.000000 7.033333 7.066667 7.100000 7.133333 7.166667 7.200000 7.233333 7.266667 7.300000 7.333333 7.366667 7.400000 7.433333
7.466667 7.500000 7.533333 7.566667 7.600000 7.633333 7.666667 7.700000 7.733333 7.766667 7.800000 7.833333 7.866667 7.900000 7.933333 7.966667
8.000000 8.033333 8.066667 8.100000 8.133333 8.166667 8.200000 8.233333 8.266667 8.300000 8.333333 8.366667 8.400000 8.433333 8.466667 8.500000
8.533333 8.566667 8.600000 8.633333 8.666667 8.700000 8.733333 8.766667 8.800000 8.833333 8.866667 8.900000 8.933333 8.966667 9.000000 9.033333
9.066667 9.100000 9.133333 9.166667 9.200000 9.233333 9.266667 9.300000 9.333333 9.366667 9.400000 9.433333 9.466667 9.500000 9.533333 9.566667
9.600000 9.633333 9.666667 9.700000 9.733333 9.766667 9.800000 9.833333 9.866667 9.900000 9.933333 9.966667 10.000000 10.033333 10.066667 10.100000
10.133333 10.166667 10.200000 10.233333 10.266667 10.300000 10.333333 10.366667 10.400000 10.433333 10.466667 10.500000 10.533333 10.566667 10.600000 10.633333
10.666667 10.700000 10.733333 10.766667 10.800000 10.833333 10.866667 10.900000 10.933333 10.966667 11.000000 11.033333 11.066667 11.100000 11.133333 11.166667
11.200000 11.233333 11.266667 11.300000 11.333333 11.366667 11.400000 11.433333 11.466667 11.500000 11.533333 11.566667 11.600000 11.633333 11.666667 11.700000
11.733333 11.766667 11.800000 11.833333 11.866667 11.900000 11.933333 11.966667 12.000000 12.033333 12.066667 12.100000 12.133333 12.166667 12.200000 12.233333
12.266667 12.300000 12.333333 12.366667 12.400000 12.433333 12.466667 12.500000 12.533333 12.566667 12.600000 12.633333 12.666667 12.700000 12.733333 12.766667
12.800000 12.833333 12.866667 12.900000 12.933333 12.966667 13.000000 13.033333 13.066667 13.100000 13.133333 13.166667 13.200000 13.233333 13.266667 13.300000
13.333333 13.366667 13.400000 13.433333 13.466667 13.500000 13.533333 13.566667 13.600000 13.633333 13.666667 13.700000 13.733333 13.766667 13.800000 13.833333
13.866667 13.900000 13.933333 13.966667 14.000000 14.033333 14.066667 14.100000 14.133333 14.166667 14.200000 14.233333 14.266667 14.300000 14.333333 14.366667
14.400000 14.433333 14.466667 14.500000 14.533333 14.566667 14.600000 14.633333 14.666667 14.700000 14.733333 14.766667 14.800000 14.833333 14.866667 14.900000
14.933333 14.966667 15.000000 15.033333 15.066667 15.100000 15.133333 15.166667 15.200000</float_array>
        <technique_common>
          <accessor source="#mixamorig_Hips-Matrix-animation-input-array" count="457">
            <param name="TIME" type="float"/>
          </accessor>
        </technique_common>
      </source>
      <source id="mixamorig_Hips-Matrix-animation-output-transform">
        <float_array id="mixamorig_Hips-Matrix-animation-output-transform-array" count="7312">

0.995496 0.093750 -0.014110 -0.001119 -0.088764 0.973956 0.208639 0.421241 0.033302 -0.206447 0.977891 0.000808 0.000000 0.000000 0.000000 1.000000
0.991766 0.103345 -0.075634 0.001384 -0.090538 0.983498 0.156638 0.425640 0.090574 -0.148501 0.984756 0.000105 0.000000 0.000000 0.000000 1.000000
0.983773 0.111190 -0.140810 0.004700 -0.096859 0.989760 0.104853 0.428752 0.151027 -0.089513 0.984469 -0.001470 0.000000 0.000000 0.000000 1.000000
0.971701 0.112411 -0.207754 0.008589 -0.102872 0.993106 0.056197 0.429640 0.212639 -0.033235 0.976565 -0.004133 0.000000 0.000000 0.000000 1.000000
0.956351 0.109121 -0.271082 0.012886 -0.107939 0.993970 0.019315 0.428528 0.271555 0.010788 0.962362 -0.007590 0.000000 0.000000 0.000000 1.000000
0.939696 0.112562 -0.322956 0.017657 -0.116485 0.993166 0.007220 0.426426 0.321561 0.030835 0.946387 -0.011180 0.000000 0.000000 0.000000 1.000000
0.925308 0.125445 -0.357866 0.022868 -0.127716 0.991658 0.017386 0.424161 0.357062 0.029618 0.933611 -0.013683 0.000000 0.000000 0.000000 1.000000
0.916222 0.139550 -0.375583 0.028170 -0.135117 0.990091 0.038261 0.422033 0.377201 0.015692 0.925999 -0.014022 0.000000 0.000000 0.000000 1.000000
0.910490 0.153118 -0.384139 0.033406 -0.136861 0.988150 0.069486 0.420161 0.390227 -0.010693 0.920657 -0.012422 0.000000 0.000000 0.000000 1.000000
0.903269 0.168225 -0.394723 0.038832 -0.136348 0.984790 0.107689 0.417748 0.406835 -0.043453 0.912468 -0.009480 0.000000 0.000000 0.000000 1.000000
0.891730 0.183325 -0.413775 0.044181 -0.133150 0.980092 0.147280 0.414477 0.432538 -0.076240 0.898387 -0.005863 0.000000 0.000000 0.000000 1.000000
0.878653 0.199149 -0.433945 0.049036 -0.128740 0.974016 0.186330 0.412349 0.459777 -0.107853 0.881461 -0.002724 0.000000 0.000000 0.000000 1.000000
0.873775 0.208392 -0.439419 0.053202 -0.126864 0.969928 0.207716 0.412042 0.469491 -0.125751 0.873936 -0.000608 0.000000 0.000000 0.000000 1.000000
0.884898 0.201709 -0.419843 0.056454 -0.126749 0.971632 0.199663 0.412457 0.448207 -0.123466 0.885362 0.000386 0.000000 0.000000 0.000000 1.000000
0.908746 0.188289 -0.372461 0.058678 -0.129820 0.975702 0.176502 0.413835 0.396644 -0.112043 0.911109 0.000190 0.000000 0.000000 0.000000 1.000000
0.936457 0.170387 -0.306622 0.059998 -0.130476 0.980581 0.146411 0.417349 0.325614 -0.097100 0.940503 -0.001435 0.000000 0.000000 0.000000 1.000000
0.961727 0.139026 -0.236122 0.060355 -0.119278 0.988206 0.096024 0.422241 0.246687 -0.064185 0.966967 -0.003789 0.000000 0.000000 0.000000 1.000000
0.982057 0.099633 -0.160120 0.059919 -0.096494 0.994960 0.027280 0.426474 0.162031 -0.011340 0.986721 -0.006028 0.000000 0.000000 0.000000 1.000000
0.994880 0.065828 -0.076688 0.058984 -0.068602 0.997061 -0.034105 0.429225 0.074218 0.039191 0.996472 -0.008124 0.000000 0.000000 0.000000 1.000000
0.999270 0.037724 0.005976 0.057926 -0.037217 0.996871 -0.069729 0.430370 -0.008588 0.069456 0.997548 -0.010385 0.000000 0.000000 0.000000 1.000000
