15.200,30,455,33
B0,mixamorig_Hips,-1,0.9753074645996094,-0.12690578401088715,0.18070831894874573,0,0.04353054612874985,0.9126932621002197,0.406208336353302,0,-0.21648994088172913,-0.3883141875267029,0.895678699016571,0,0.0028674101922661066,0.3017301559448242,-0.0332348607480526,1
B1,mixamorig_Spine,0,0.9987350106239319,0.041560690850019455,0.02816580794751644,0,-0.04511548578739166,0.9889389872550964,0.1407202184200287,0,-0.021970413625240326,-0.14181111752986908,0.9895718097686768,0,0,0.028317999094724655,-0.001142999972216785,1
B2,mixamorig_Spine1,1,0.9977161884307861,0.06194649636745453,0.026818377897143364,0,-0.060519106686115265,0.9968636631965637,-0.05094059556722641,0,-0.029890596866607666,0.049199916422367096,0.9983360171318054,0,0,0.03306400030851364,0,1
B3,mixamorig_Spine2,2,0.997917115688324,0.0607316754758358,0.021604757755994797,0,-0.05948030948638916,0.9967491030693054,-0.05428910255432129,0,-0.024833524599671364,0.05288873240351677,0.9982864856719971,0,0,0.03778799995779991,0,1
B4,mixamorig_Neck,3,0.9748088717460632,0.10889683663845062,0.19463594257831573,0,-0.07850448042154312,0.984375,-0.157595694065094,0,-0.20875586569309235,0.13834579288959503,0.9681264162063599,0,0,0.042511001229286194,0,1
B5,mixamorig_Head,4,0.5809012055397034,0.44996464252471924,0.6782008409500122,0,-0.07839624583721161,0.8603159785270691,-0.5036703944206238,0,-0.8101288080215454,0.23945920169353485,0.5350164175033569,0,0,0.011487999930977821,0.0007229999755509198,1
B6,mixamorig_HeadTop_End,5,1,0,0,0,0,1,0,0,0,0,1,0,0,0.054951999336481094,0.0034580000210553408,1
B7,mixamorig_LeftShoulder,3,-0.1732364296913147,0.011620547622442245,-0.984808623790741,0,0.9709471464157104,0.16959433257579803,-0.16879712045192719,0,0.1650572419166565,-0.9854454398155212,-0.04066396504640579,0,0.02970699965953827,0.04022099822759628,-0.00013099999341648072,1
B8,mixamorig_LeftArm,7,0.2831272780895233,0.8262010216712952,-0.48689237236976624,0,-0.09677436947822571,0.5297436714172363,0.842583179473877,0,0.9541239738464355,-0.19150607287883759,0.22989660501480103,0,0,0.05949300155043602,0,1
B9,mixamorig_LeftForeArm,8,0.4844515323638916,0.8747429847717285,-0.003730012569576502,0,-0.8747350573539734,0.48446449637413025,0.003932281397283077,0,0.005246779415756464,0.0013582832179963589,0.9999850392341614,0,0,0.13920100033283234,0,1
B10,mixamorig_LeftHand,9,0.753304123878479,0.3862035572528839,-0.5322197079658508,0,-0.6441283226013184,0.5963175296783447,-0.478973925113678,0,0.13244323432445526,0.7036619782447815,0.6980563998222351,0,0,0.10313799977302551,0,1
B11,mixamorig_LeftHandIndex1,10,-0.9584529995918274,-0.008845881558954716,0.2851138710975647,0,0.06396710872650146,0.9673980474472046,0.24504908919334412,0,-0.2779861092567444,0.2531058192253113,-0.926639974117279,0,0,0.0555570013821125,0,1
B12,mixamorig_LeftHandIndex2,11,0.9961151480674744,-0.08164086937904358,0.03300289437174797,0,0.08164086937904358,0.7157413959503174,-0.6935763955116272,0,0.033002909272909164,0.6935763955116272,0.7196263074874878,0,0,0.00011999999696854502,0,1
B13,mixamorig_LeftHandIndex3,12,0.9959211349487305,-0.08330588042736053,0.03464888408780098,0,0.08330588042736053,0.7015606164932251,-0.7077235579490662,0,0.03464888408780098,0.7077235579490662,0.7056394815444946,0,0,0.00018000000272877514,0,1
B14,mixamorig_LeftHandIndex4,13,1,0,0,0,0,1,0,0,0,0,1,0,0,0.00018000000272877514,0,1
B15,mixamorig_RightShoulder,3,0.013666846789419651,-0.014024549163877964,0.9998070597648621,0,-0.996353268623352,-0.08439138531684875,0.012435544282197952,0,0.0842001736164093,-0.9963339567184448,-0.015126300044357777,0,-0.02970699965953827,0.04021700099110603,-0.00005400000009103678,1
B16,mixamorig_RightArm,15,0.7055750489234924,-0.4885580837726593,0.5132412910461426,0,0.10800599306821823,0.790001630783081,0.6035104393959045,0,-0.7003150582313538,-0.37037643790245056,0.6101852059364319,0,0,0.05949300155043602,0,1
B17,mixamorig_RightForeArm,16,0.18508392572402954,-0.9826595783233643,0.00882693286985159,0,0.982697606086731,0.18509294092655182,0.00022363908647093922,0,-0.0018541307654231787,0.008633716031908989,0.9999609589576721,0,0,0.13920700550079346,0,1
B18,mixamorig_RightHand,17,0.3182878792285919,-0.6938915252685547,0.6459091305732727,0,0.3852720260620117,0.7172199487686157,0.5806439518928528,0,-0.866169273853302,0.06403285264968872,0.4956251084804535,0,0,0.10314899682998657,0,1
B19,mixamorig_RightHandIndex1,18,-0.9972411394119263,0.05658918246626854,0.048044368624687195,0,0.06964323669672012,0.9372520446777344,0.34162476658821106,0,-0.02569662220776081,0.34402865171432495,-0.938607931137085,0,0,0.04397499933838844,0,1
B20,mixamorig_RightHandIndex2,19,0.4039269685745239,-0.9144093990325928,-0.02645043283700943,0,0.7337939739227295,0.30660614371299744,0.6062501668930054,0,-0.546251118183136,-0.2642899751663208,0.7948342561721802,0,0,0.006318999920040369,0,1
B21,mixamorig_RightHandIndex3,20,0.04739747196435928,0.7864874005317688,-0.6157852411270142,0,0.7614760398864746,-0.4274252951145172,-0.4873000681400299,0,-0.6464572548866272,-0.4458085000514984,-0.6191506385803223,0,-0.008437000215053558,0.0008670000243000686,-0.008456000126898289,1
B22,mixamorig_RightHandIndex4,21,1,0,0,0,0,1,0,0,0,0,1,0,0.00009899999713525176,0.0000870000003487803,0.000155999994603917,1
B23,mixamorig_LeftUpLeg,0,-0.4800487756729126,-0.3439849615097046,0.8069491982460022,0,0.8747046589851379,-0.11779656261205673,0.4700808525085449,0,-0.06663867831230164,0.9315049052238464,0.3574322760105133,0,0.03106899932026863,-0.015747999772429466,0.0008009999874047935,1
B24,mixamorig_LeftLeg,23,0.9823656678199768,-0.18662503361701965,-0.011064368300139904,0,0.05114384740591049,0.3251943290233612,-0.9442606568336487,0,0.17982131242752075,0.92704838514328,0.3290061950683594,0,0,0.18670399487018585,0,1
B25,mixamorig_LeftFoot,24,0.9138750433921814,-0.3208525776863098,-0.24876224994659424,0,0.33797594904899597,0.26175978779792786,0.904015064239502,0,-0.22493746876716614,-0.9102370142936707,0.3476545512676239,0,0,0.1868789941072464,0,1
B26,mixamorig_LeftToeBase,25,0.9997372627258301,-0.008713953197002411,-0.021183054894208908,0,0.019230838865041733,0.8215576410293579,0.569794774055481,0,0.012438524514436722,-0.570052444934845,0.8215085864067078,0,0,0.07976700365543365,0,1
B27,mixamorig_LeftToe_End,26,1,0,0,0,0,1,0,0,0,0,1,0,0,0.0331760011613369,0,1
B28,mixamorig_RightUpLeg,0,-0.8700889348983765,0.2825233042240143,-0.4038774371147156,0,-0.47903379797935486,-0.29174867272377014,0.8278749585151672,0,0.11606999486684799,0.9137956500053406,0.3891862630844116,0,-0.03106899932026863,-0.015747999772429466,0.0003760000108741224,1
B29,mixamorig_RightLeg,28,0.9760262370109558,0.18670248985290527,-0.11186123639345169,0,-0.12036731839179993,0.034829117357730865,-0.9921160936355591,0,-0.1813374161720276,0.9817975759506226,0.05646669119596481,0,0,0.18669499456882477,0,1
B30,mixamorig_RightFoot,29,0.9778501391410828,0.10947852581739426,0.1783170849084854,0,-0.18174082040786743,0.022244155406951904,0.9830738306045532,0,0.10364425182342529,-0.9937236905097961,0.04163268953561783,0,0,0.18685199320316315,0,1
B31,mixamorig_RightToeBase,30,0.9998341202735901,0.0001701653964119032,0.018218642100691795,0,-0.011966004967689514,0.7601072788238525,0.6496842503547668,0,-0.013737952336668968,-0.6497948169708252,0.7599825263023376,0,0,0.07939399778842926,0,1
B32,mixamorig_RightToe_End,31,1,0,0,0,0,1,0,0,0,0,1,0,0,0.03319299966096878,0,1
@28,0,1,2,3,4,5,7,8,9,10,11,12,13,15,16,17,18,19,20,21,23,24,25,26,28,29,30,31
K0.000,0.9954959750175476,-0.0887639969587326,0.033302001655101776,0,0.09375,0.9739559888839722,-0.20644700527191162,0,-0.014109999872744083,0.208638995885849,0.9778910279273987,0,-0.0011190000222995877,0.42124098539352417,0.0008079999824985862,1,0.9996129870414734,-0.013333999551832676,-0.024424999952316284,0,0.014375999569892883,0.9989709854125977,0.04300900176167488,0,0.023825999349355698,-0.04334399849176407,0.9987760186195374,0,0,0.028317999094724655,-0.001142999972216785,1,0.9994450211524963,0.011479999870061874,-0.031279001384973526,0,-0.008293000049889088,0.9949349761009216,0.10017599910497665,0,0.032269999384880066,-0.09986100345849991,0.9944779872894287,0,0,0.03306400030851364,0,1,0.9994819760322571,0.01101600006222725,-0.030225999653339386,0,-0.00792699959129095,0.994907021522522,0.10048799961805344,0,0.031178999692201614,-0.10019700229167938,0.9944790005683899,0,0,0.03778799995779991,0,1,0.9982370138168335,0.05928700044751167,0.002735000103712082,0,-0.059349000453948975,0.9968690276145935,0.05225300043821335,0,0.00037200000951997936,-0.05232299864292145,0.9986299872398376,0,0,0.042511001229286194,0,1,0.9951329827308655,0.008414999581873417,-0.09818100184202194,0,-0.00470399996265769,0.9992679953575134,0.037967998534440994,0,0.09842900186777115,-0.03732199966907501,0.9944440126419067,0,0,0.011487999930977821,0.0007229999755509198,1,-0.20090700685977936,-0.004207000136375427,-0.9796010255813599,0,0.9792910218238831,0.024650000035762787,-0.2009499967098236,0,0.02499300055205822,-0.9996870160102844,-0.0008319999906234443,0,0.02970699965953827,0.04022099822759628,-0.00013099999341648072,1,0.9137589931488037,0.39826101064682007,-0.080205999314785,0,-0.045490000396966934,0.2964859902858734,0.9539530277252197,0,0.4037019908428192,-0.8680350184440613,0.28903400897979736,0,0,0.05949300155043602,0,1,0.4431380033493042,0.8964449763298035,-0.003785999957472086,0,-0.8964369893074036,0.4431520104408264,0.004178000148385763,0,0.005423999857157469,0.001541999983601272,0.9999840259552002,0,0,0.13920100033283234,0,1,0.983659029006958,-0.03637700155377388,-0.17632700502872467,0,0.010529999621212482,0.9893230199813843,-0.14535799622535706,0,0.17973199486732483,0.14112600684165955,0.9735400080680847,0,0,0.10313799977302551,0,1,-0.9587370157241821,-0.009255999699234962,0.28414300084114075,0,0.0696830004453659,0.961329996585846,0.26643699407577515,0,-0.27562201023101807,0.27524301409721375,-0.9210180044174194,0,0,0.0555570013821125,0,1,0.9943289756774902,-0.09481000155210495,0.048179998993873596,0,0.09481000155210495,0.5850229859352112,-0.8054559826850891,0,0.04817900061607361,0.8054559826850891,0.590694010257721,0,0,0.00011999999696854502,0,1,0.9941040277481079,-0.09616699814796448,0.05008700117468834,0,0.09616599977016449,0.568589985370636,-0.8169810175895691,0,0.05008700117468834,0.8169810175895691,0.5744850039482117,0,0,0.00018000000272877514,0,1,0.03691999986767769,-0.0007319999858736992,0.99931800365448,0,-0.9862769842147827,-0.16105300188064575,0.036320000886917114,0,0.1609169989824295,-0.9869449734687805,-0.006668000016361475,0,-0.02970699965953827,0.04021700099110603,-0.00005400000009103678,1,0.8827430009841919,-0.25543901324272156,-0.39435601234436035,0,0.46850401163101196,0.41487500071525574,0.7799890041351318,0,-0.035631000995635986,-0.8732870221138,0.48590201139450073,0,0,0.05949300155043602,0,1,-0.4382370114326477,-0.8987929821014404,0.010951999574899673,0,0.8988580107688904,-0.4382219910621643,0.0038320000749081373,0,0.0013559999642893672,0.011524000205099583,0.9999330043792725,0,0,0.13920700550079346,0,1,0.9235479831695557,-0.25584399700164795,0.2856599986553192,0,0.16326500475406647,0.9363549947738647,0.31078100204467773,0,-0.34699100255966187,-0.24038299918174744,0.9065390229225159,0,0,0.10314899682998657,0,1,-0.9948329925537109,0.08509600162506104,0.05537699908018112,0,0.09640000015497208,0.9628549814224243,0.25222301483154297,0,-0.031856998801231384,0.2562580108642578,-0.9660829901695251,0,0,0.04397499933838844,0,1,0.35749000310897827,-0.9262920022010803,0.11909700185060501,0,0.7506319880485535,0.3608579933643341,0.5534729957580566,0,-0.5556550025939941,-0.10846299678087234,0.8243079781532288,0,0,0.006318999920040369,0,1,0.10484600067138672,0.7503359913825989,-0.6526899933815002,0,0.841916024684906,-0.41629400849342346,-0.3433319926261902,0,-0.529325008392334,-0.5135130286216736,-0.6753659844398499,0,-0.008437000215053558,0.0008670000243000686,-0.008456000126898289,1,-0.9259030222892761,-0.3017289936542511,0.22729699313640594,0,0.3213210105895996,-0.9454360008239746,0.0538799986243248,0,0.198636993765831,0.12292300164699554,0.9723340272903442,0,0.03106899932026863,-0.015747999772429466,0.0008009999874047935,1,0.991661012172699,0.08562500029802322,-0.0963210016489029,0,-0.12592199444770813,0.8028709888458252,-0.5827019810676575,0,0.02744000032544136,0.5899720191955566,0.806958019733429,0,0,0.18670399487018585,0,1,0.9980059862136841,-0.03680700063705444,0.051284000277519226,0,-0.037654999643564224,0.3049220144748688,0.9516329765319824,0,-0.05066400021314621,-0.951665997505188,0.30292800068855286,0,0,0.1868789941072464,0,1,0.9997479915618896,-0.000006000000212225132,-0.022430000826716423,0,0.01397399976849556,0.782371997833252,0.6226549744606018,0,0.017544999718666077,-0.6228110194206238,0.7821750044822693,0,0,0.07976700365543365,0,1,-0.9990540146827698,-0.00042299999040551484,-0.04349000006914139,0,0.00472299987450242,-0.9950929880142212,-0.09882999956607819,0,-0.04323500022292137,-0.09894099831581116,0.9941539764404297,0,-0.03106899932026863,-0.015747999772429466,0.0003760000108741224,1,0.9964680075645447,0.08227299898862839,-0.016797000542283058,0,-0.07983099669218063,0.8661820292472839,-0.4933120012283325,0,-0.026037000119686127,0.4929110109806061,0.8696900010108948,0,0,0.18669499456882477,0,1,0.994687020778656,-0.07736500352621078,-0.06791900098323822,0,0.08815400302410126,0.2993350028991699,0.9500669836997986,0,-0.05317100137472153,-0.9510059952735901,0.3045650124549866,0,0,0.18685199320316315,0,1,0.9998170137405396,-0.0002749999985098839,0.019113000482320786,0,-0.012174000032246113,0.7617149949073792,0.6477980017662048,0,-0.014736000448465347,-0.6479120254516602,0.7615730166435242,0,0,0.07939399778842926,0,1
K0.033,0.9917659163475037,-0.09053806215524673,0.09057459980249405,0,0.10334508121013641,0.9834980368614197,-0.14850039780139923,0,-0.0756346583366394,0.15663747489452362,0.9847559928894043,0,0.0013840331230312586,0.4256400167942047,0.00010498423944227397,1,0.9995949864387512,0.007478245534002781,-0.027460021898150444,0,-0.007319251541048288,0.9999560117721558,0.005875798407942057,0,0.027503017336130142,-0.005672791041433811,0.9996060132980347,0,0,0.028317999094724655,-0.001142999972216785,1,0.9990919828414917,0.009248985908925533,-0.04159010201692581,0,-0.005627983249723911,0.9962480068206787,0.08635588735342026,0,0.042232099920511246,-0.08604388684034348,0.9953960180282593,0,0,0.03306400030851364,0,1,0.9991639852523804,0.00965199712663889,-0.039727091789245605,0,-0.006159994285553694,0.99617999792099,0.08710889518260956,0,0.04041609168052673,-0.08679089695215225,0.9954059720039368,0,0,0.03778799995779991,0,1,0.9973959922790527,0.07192914187908173,0.00526901101693511,0,-0.07205614447593689,0.9969459772109985,0.030113697052001953,0,-0.003087033051997423,-0.030414700508117676,0.9995329976081848,0,0,0.042511001229286194,0,1,0.9948769807815552,0.0196152925491333,-0.09916901588439941,0,-0.021332381293177605,0.9996399283409119,-0.016283903270959854,0,0.09881395846605301,0.018315935507416725,0.9949369430541992,0,0,0.011487999930977821,0.0007229999755509198,1,-0.2399613857269287,-0.010592074133455753,-0.970724880695343,0,0.9672108292579651,0.08308650553226471,-0.23999938368797302,0,0.08319650590419769,-0.9964859485626221,-0.009692104533314705,0,0.02970699965953827,0.04022099822759628,-0.00013099999341648072,1,0.8506761789321899,0.49839192628860474,-0.1672007292509079,0,-0.00045079379924573004,0.3187503516674042,0.9478389024734497,0,0.5256901383399963,-0.8062281608581543,0.27137789130210876,0,0,0.05949300155043602,0,1,0.44912979006767273,0.8934581279754639,-0.003779000137001276,0,-0.893450140953064,0.44914278388023376,0.004143001511693001,0,0.005399000830948353,0.0015150010585784912,0.9999840259552002,0,0,0.13920100033283234,0,1,0.9685156941413879,-0.11204532533884048,-0.22231493890285492,0,0.08553346991539001,0.9883970022201538,-0.12552236020565033,0,0.23379987478256226,0.10255512595176697,0.966860830783844,0,0,0.10313799977302551,0,1,-0.9587470293045044,-0.009403004311025143,0.28410500288009644,0,0.06984900683164597,0.9610170125961304,0.2675210237503052,0,-0.27554500102996826,0.27633002400398254,-0.9207149744033813,0,0,0.0555570013821125,0,1,0.9943159818649292,-0.09488800168037415,0.04828600212931633,0,0.09488800168037415,0.5840979814529419,-0.8061180114746094,0,0.048287004232406616,0.8061180114746094,0.5897809863090515,0,0,0.00011999999696854502,0,1,0.9940909743309021,-0.09624200314283371,0.050196003168821335,0,0.09624200314283371,0.5676490068435669,-0.8176259994506836,0,0.050196003168821335,0.8176259994506836,0.57355797290802,0,0,0.00018000000272877514,0,1,0.03682193532586098,-0.00013701195712201297,0.9993219971656799,0,-0.9824749827384949,-0.18284907937049866,0.036176931113004684,0,0.18272008001804352,-0.9831410050392151,-0.006867002230137587,0,-0.02970699965953827,0.04021700099110603,-0.00005400000009103678,1,0.8694818019866943,-0.2707791328430176,-0.4131332039833069,0,0.492662250995636,0.414687842130661,0.7650609016418457,0,-0.035841040313243866,-0.8687419891357422,0.4939669370651245,0,0,0.05949300155043602,0,1,-0.4586142301559448,-0.8885678648948669,0.010982999578118324,0,0.8886339068412781,-0.4585992395877838,0.003981001675128937,0,0.00149900175165385,0.011586001142859459,0.9999319911003113,0,0,0.13920700550079346,0,1,0.9310950636863708,-0.26591208577156067,0.24970555305480957,0,0.1870502531528473,0.9357399940490723,0.29900285601615906,0,-0.313167542219162,-0.23169192671775818,0.9210021495819092,0,0,0.10314899682998657,0,1,-0.9948830008506775,0.0845869854092598,0.055257998406887054,0,0.09592998772859573,0.9624810218811035,0.2538250684738159,0,-0.03171399608254433,0.2578270733356476,-0.9656710028648376,0,0,0.04397499933838844,0,1,0.35700899362564087,-0.9262830018997192,0.12060404568910599,0,0.750819981098175,0.3613690137863159,0.5528849959373474,0,-0.5557100176811218,-0.10683295875787735,0.8244829773902893,0,0,0.006318999920040369,0,1,0.10547501593828201,0.7499650120735168,-0.6530140042304993,0,0.8426330089569092,-0.4161129891872406,-0.34178897738456726,0,-0.5280579328536987,-0.5142009854316711,-0.6758340001106262,0,-0.008437000215053558,0.0008670000243000686,-0.008456000126898289,1,-0.9266780018806458,-0.29922395944595337,0.22744698822498322,0,0.31706294417381287,-0.9473109841346741,0.04553690552711487,0,0.20183703303337097,0.11431389302015305,0.972724974155426,0,0.03106899932026863,-0.015747999772429466,0.0008009999874047935,1,0.9916290044784546,0.12403804063796997,-0.03585881367325783,0,-0.12462297827005386,0.8468224406242371,-0.5170702934265137,0,-0.03377007693052292,0.5172102451324463,0.8551914095878601,0,0,0.18670399487018585,0,1,0.9984639883041382,-0.004887729417532682,0.05518503487110138,0,-0.050680119544267654,0.321796178817749,0.9454519152641296,0,-0.022378766909241676,-0.9467959403991699,0.32105422019958496,0,0,0.1868789941072464,0,1,0.9997479915618896,-0.000006000000212225132,-0.022430000826716423,0,0.013975000008940697,0.782371997833252,0.6226549744606018,0,0.017544999718666077,-0.6228110194206238,0.7821750044822693,0,0,0.07976700365543365,0,1,-0.9995189905166626,0.0019659835379570723,-0.030933868139982224,0,0.00035800138721242547,-0.997186005115509,-0.07496771216392517,0,-0.030994867905974388,-0.0749427080154419,0.9967060089111328,0,-0.03106899932026863,-0.015747999772429466,0.0003760000108741224,1,0.9944679141044617,0.09717504680156708,0.03987056016921997,0,-0.07194890826940536,0.9067673087120056,-0.41544824838638306,0,-0.07652447372674942,0.4102812111377716,0.9087422490119934,0,0,0.18669499456882477,0,1,0.995398998260498,-0.07109097391366959,-0.06423898041248322,0,0.08560799062252045,0.35875943303108215,0.9294958114624023,0,-0.0430329367518425,-0.9307188391685486,0.36319443583488464,0,0,0.18685199320316315,0,1,0.9997959733009338,-0.0020969968754798174,0.02008400484919548,0,-0.011542004533112049,0.7567380666732788,0.6536159515380859,0,-0.016569001600146294,-0.6537149548530579,0.7565600872039795,0,0,0.07939399778842926,0,1
K0.067,0.9837730526924133,-0.09685894101858139,0.1510263979434967,0,0.11118992418050766,0.9897599220275879,-0.08951358497142792,0,-0.14080935716629028,0.10485351085662842,0.9844689965248108,0,0.004699966870248318,0.42875197529792786,-0.0014699844177812338,1,0.9990479946136475,0.03201375901699066,-0.02962997741997242,0,-0.032447751611471176,0.9993709921836853,-0.014290799386799335,0,0.029153984040021896,0.015238792635500431,0.9994590282440186,0,0,0.028317999094724655,-0.001142999972216785,1,0.9986280202865601,0.007833014242351055,-0.05176689848303795,0,-0.003933016676455736,0.9971749782562256,0.07500810921192169,0,0.052208900451660156,-0.07470110803842545,0.9958379864692688,0,0,0.03306400030851364,0,1,0.9987490177154541,0.009389002807438374,-0.049114905297756195,0,-0.005613005720078945,0.9970560073852539,0.07647010684013367,0,0.049687907099723816,-0.07609910517930984,0.9958609938621521,0,0,0.03778799995779991,0,1,0.9962499737739563,0.08628285676240921,0.006407988723367453,0,-0.0862838551402092,0.996271014213562,-0.0001546991552459076,0,-0.006396966986358166,-0.00039929832564666867,0.9999790191650391,0,0,0.042511001229286194,0,1,0.9937480092048645,0.04884570837020874,-0.10039098560810089,0,-0.05954762175679207,0.9925240874290466,-0.10653310269117355,0,0.09443704783916473,0.11184506863355637,0.9892280697822571,0,0,0.011487999930977821,0.0007229999755509198,1,-0.27881261706352234,-0.018046924844384193,-0.9601761102676392,0,0.9510132074356079,0.13385748863220215,-0.278668612241745,0,0.13355548679828644,-0.9908360838890076,-0.02015889622271061,0,0.02970699965953827,0.04022099822759628,-0.00013099999341648072,1,0.769264817237854,0.5920060276985168,-0.24033427238464355,0,0.020156795158982277,0.3534776568412781,0.9352261424064636,0,0.6386118531227112,-0.724280834197998,0.2599851191043854,0,0,0.05949300155043602,0,1,0.4268132150173187,0.9043318629264832,-0.0038049998693168163,0,-0.9043228626251221,0.42682722210884094,0.004274998791515827,0,0.005489998962730169,0.001615998917259276,0.9999840259552002,0,0,0.13920100033283234,0,1,0.9376162886619568,-0.14515766501426697,-0.3159200847148895,0,0.13245853781700134,0.98928302526474,-0.06142763793468475,0,0.3214501440525055,0.01574886217713356,0.9467951655387878,0,0,0.10313799977302551,0,1,-0.9587770104408264,-0.009846995584666729,0.2839890122413635,0,0.0703209936618805,0.9600909948348999,0.27070197463035583,0,-0.27532100677490234,0.2795129716396332,-0.91982102394104,0,0,0.0555570013821125,0,1,0.9942790269851685,-0.09511599689722061,0.04860199615359306,0,0.09511499851942062,0.5813779830932617,-0.8080549836158752,0,0.04860199615359306,0.8080549836158752,0.587099015712738,0,0,0.00011999999696854502,0,1,0.9940540194511414,-0.09646400064229965,0.05051599442958832,0,0.09646400064229965,0.5648959875106812,-0.819504976272583,0,0.05051599442958832,0.819504976272583,0.5708420276641846,0,0,0.00018000000272877514,0,1,0.03040306270122528,-0.001332988147623837,0.9995369911193848,0,-0.9811580181121826,-0.1909269243478775,0.029589064419269562,0,0.19079892337322235,-0.9816030263900757,-0.007112997584044933,0,-0.02970699965953827,0.04021700099110603,-0.00005400000009103678,1,0.8544761538505554,-0.2836078703403473,-0.43524280190467834,0,0.5179627537727356,0.4009241461753845,0.7556281089782715,0,-0.03980295732617378,-0.8711060285568237,0.48947903513908386,0,0,0.05949300155043602,0,1,-0.48348575830459595,-0.8752831220626831,0.011014999821782112,0,0.8753511309623718,-0.48347076773643494,0.0041659981943666935,0,0.00167899823281914,0.011655999347567558,0.9999309778213501,0,0,0.13920700550079346,0,1,0.939337968826294,-0.2754369080066681,0.20439743995666504,0,0.21200774610042572,0.9347090125083923,0.28525814414024353,0,-0.26962244510650635,-0.22462007403373718,0.9364027976989746,0,0,0.10314899682998657,0,1,-0.995015025138855,0.08310701698064804,0.05511600151658058,0,0.09461401402950287,0.9613819718360901,0.2584439516067505,0,-0.03150900453329086,0.2623709440231323,-0.9644529819488525,0,0,0.04397499933838844,0,1,0.3556250035762787,-0.9262400269508362,0.12494095414876938,0,0.7513610124588013,0.3628309965133667,0.5511900186538696,0,-0.555866003036499,-0.10214104503393173,0.8249729871749878,0,0,0.006318999920040369,0,1,0.10728298872709274,0.7489010095596313,-0.6539400219917297,0,0.8446750044822693,-0.415585994720459,-0.33736103773117065,0,-0.5244180560112,-0.5161730051040649,-0.6771640181541443,0,-0.008437000215053558,0.0008670000243000686,-0.008456000126898289,1,-0.9281780123710632,-0.2954680323600769,0.22623901069164276,0,0.3111540675163269,-0.9496660232543945,0.03629009425640106,0,0.20412896573543549,0.10407910495996475,0.9733960032463074,0,0.03106899932026863,-0.015747999772429466,0.0008009999874047935,1,0.9916489720344543,0.12781494855880737,-0.017203185707330704,0,-0.12212802469730377,0.8878125548362732,-0.44370371103286743,0,-0.04143892601132393,0.44209975004196167,0.8960086107254028,0,0,0.18670399487018585,0,1,0.998045027256012,0.02217073179781437,0.058439966291189194,0,-0.06249688193202019,0.339855819940567,0.938399076461792,0,0.0009437682456336915,-0.940216064453125,0.34057679772377014,0,0,0.1868789941072464,0,1,0.9997479915618896,-0.000006000000212225132,-0.022430000826716423,0,0.01397399976849556,0.782371997833252,0.6226549744606018,0,0.017544999718666077,-0.6228119730949402,0.7821750044822693,0,0,0.07976700365543365,0,1,-0.9998430013656616,0.00031101645436137915,-0.017728131264448166,0,0.0004989986191503704,-0.998956024646759,-0.04567728936672211,0,-0.017724132165312767,-0.04567928984761238,0.9987990260124207,0,-0.03106899932026863,-0.015747999772429466,0.0003760000108741224,1,0.9902100563049316,0.10150795429944992,0.09581044316291809,0,-0.06306208670139313,0.9376916885375977,-0.34169673919677734,0,-0.1245255246758461,0.3323097825050354,0.9349137544631958,0,0,0.18669499456882477,0,1,0.9957330226898193,-0.06813602894544601,-0.06223401799798012,0,0.08458700776100159,0.40434256196022034,0.9106881618499756,0,-0.0368860587477684,-0.9120661616325378,0.40838053822517395,0,0,0.18685199320316315,0,1,0.9997869729995728,-0.0017930030589923263,0.020552994683384895,0,-0.011988995596766472,0.7602539658546448,0.6495150327682495,0,-0.0167899988591671,-0.6496230363845825,0.7600709199905396,0,0,0.07939399778842926,0,1
K0.100,0.9717010259628296,-0.10287199914455414,0.2126390039920807,0,0.1124109998345375,0.9931060075759888,-0.03323500230908394,0,-0.2077540010213852,0.05619700253009796,0.9765650033950806,0,0.008589000441133976,0.429639995098114,-0.004133000038564205,1,0.9988319873809814,0.04008900001645088,-0.026986999437212944,0,-0.04060700163245201,0.9989960193634033,-0.018919000402092934,0,0.026201000437140465,0.019992999732494354,0.9994570016860962,0,0,0.028317999094724655,-0.001142999972216785,1,0.9982969760894775,0.014847000129520893,-0.05642100051045418,0,-0.011026999913156033,0.9976639747619629,0.06741899996995926,0,0.05728999897837639,-0.06668200343847275,0.9961280226707458,0,0,0.03306400030851364,0,1,0.9984620213508606,0.017149999737739563,-0.05272100120782852,0,-0.013465000316500664,0.9974930286407471,0.06947000324726105,0,0.053780000656843185,-0.06865300238132477,0.9961900115013123,0,0,0.03778799995779991,0,1,0.994674026966095,0.10301099717617035,0.003371000289916992,0,-0.10285399854183197,0.9941909909248352,-0.03171100094914436,0,-0.006618000101298094,0.03119499795138836,0.9994909763336182,0,0,0.042511001229286194,0,1,0.9884909987449646,0.09222999960184097,-0.11991000175476074,0,-0.11706600338220596,0.9684069752693176,-0.22018900513648987,0,0.09581399708986282,0.23169200122356415,0.9680590033531189,0,0,0.011487999930977821,0.0007229999755509198,1,-0.30749401450157166,-0.02455900050699711,-0.9512330293655396,0,0.9369940161705017,0.16636699438095093,-0.3071860074996948,0,0.16579799354076385,-0.9857580065727234,-0.028145000338554382,0,0.02970699965953827,0.04022099822759628,-0.00013099999341648072,1,0.6837069988250732,0.6579710245132446,-0.31562599539756775,0,0.03857000172138214,0.3993220031261444,0.9159989953041077,0,0.7287369966506958,-0.6384479999542236,0.24764099717140198,0,0,0.05949300155043602,0,1,0.3718020021915436,0.9283040165901184,-0.003851999994367361,0,-0.9282950162887573,0.3718169927597046,0.0045980000868439674,0,0.00570000009611249,0.0018660000059753656,0.9999819993972778,0,0,0.13920100033283234,0,1,0.925229012966156,-0.16666999459266663,-0.34084001183509827,0,0.16448499262332916,0.9857400059700012,-0.035521000623703,0,0.3418999910354614,-0.023197997361421585,0.9394500255584717,0,0,0.10313799977302551,0,1,-0.9588320255279541,-0.010653999634087086,0.2837750017642975,0,0.07099799811840057,0.9585660099983215,0.27588000893592834,0,-0.27495598793029785,0.28466999530792236,-0.9183470010757446,0,0,0.0555570013821125,0,1,0.9942179918289185,-0.09548500180244446,0.04911800101399422,0,0.09548500180244446,0.5769400000572205,-0.8111860156059265,0,0.04911800101399422,0.8111860156059265,0.582722008228302,0,0,0.00011999999696854502,0,1,0.9939919710159302,-0.09682200103998184,0.05103899911046028,0,0.09682200103998184,0.5603950023651123,-0.8225470185279846,0,0.051038000732660294,0.8225470185279846,0.5664029717445374,0,0,0.00018000000272877514,0,1,0.029013000428676605,-0.0022640000097453594,0.9995759725570679,0,-0.9804540276527405,-0.19474300742149353,0.02801699936389923,0,0.1945970058441162,-0.9808520078659058,-0.007868999615311623,0,-0.02970699965953827,0.04021700099110603,-0.00005400000009103678,1,0.8331279754638672,-0.2991499900817871,-0.4651950001716614,0,0.5515639781951904,0.38717201352119446,0.7388330101966858,0,-0.0409110002219677,-0.8721280097961426,0.48756399750709534,0,0,0.05949300155043602,0,1,-0.5009909868240356,-0.8653820157051086,0.011036000214517117,0,0.8654500246047974,-0.500976026058197,0.004298000130802393,0,0.0018090000376105309,0.01170399971306324,0.9999300241470337,0,0,0.13920700550079346,0,1,0.9464290142059326,-0.2895979881286621,0.1428460031747818,0,0.24466900527477264,0.9318180084228516,0.26805201172828674,0,-0.21073299646377563,-0.2187419980764389,0.9527559876441956,0,0,0.10314899682998657,0,1,-0.9952219724655151,0.0807579979300499,0.05486699938774109,0,0.09251800179481506,0.9595850110054016,0.2657780051231384,0,-0.031185999512672424,0.2695840001106262,-0.9624720215797424,0,0,0.04397499933838844,0,1,0.3534240126609802,-0.9261260032653809,0.13184000551700592,0,0.7522259950637817,0.36514100432395935,0.5484780073165894,0,-0.5561000108718872,-0.09467200189828873,0.8257060050964355,0,0,0.006318999920040369,0,1,0.11017400026321411,0.7472100257873535,-0.6553919911384583,0,0.8478860259056091,-0.41472500562667847,-0.3302919864654541,0,-0.5186049938201904,-0.5193079710006714,-0.6792410016059875,0,-0.008437000215053558,0.0008670000243000686,-0.008456000126898289,1,-0.9299709796905518,-0.2879129946231842,0.2286040037870407,0,0.30600500106811523,-0.9508540034294128,0.04729900136590004,0,0.20375099778175354,0.11394000053405762,0.9723700284957886,0,0.03106899932026863,-0.015747999772429466,0.0008009999874047935,1,0.9921159744262695,0.12480799853801727,-0.011323000304400921,0,-0.11889699846506119,0.9088619947433472,-0.39979198575019836,0,-0.0396060012280941,0.3979859948158264,0.9165359735488892,0,0,0.18670399487018585,0,1,0.9985060095787048,-0.0005479989922605455,0.0546329990029335,0,-0.05075699836015701,0.3607049882411957,0.931298017501831,0,-0.02021699771285057,-0.9326800107955933,0.36013901233673096,0,0,0.1868789941072464,0,1,0.9997479915618896,-0.000006000000212225132,-0.022430000826716423,0,0.01397399976849556,0.782371997833252,0.6226549744606018,0,0.017544999718666077,-0.6228110194206238,0.7821750044822693,0,0,0.07976700365543365,0,1,-0.9998670220375061,0.006075999699532986,-0.015130000188946724,0,-0.006207999307662249,-0.9999430179595947,0.008718997240066528,0,-0.01507600024342537,0.00881199724972248,0.9998480081558228,0,-0.03106899932026863,-0.015747999772429466,0.0003760000108741224,1,0.9831169843673706,0.109825000166893,0.14635400474071503,0,-0.05908399820327759,0.94753497838974,-0.3141449987888336,0,-0.17317700386047363,0.30019399523735046,0.9380260109901428,0,0,0.18669499456882477,0,1,0.997078001499176,-0.05820300057530403,-0.04947900027036667,0,0.06961199641227722,0.4254949986934662,0.9022799730300903,0,-0.03146199882030487,-0.9030870199203491,0.4283030033111572,0,0,0.18685199320316315,0,1,0.9997649788856506,-0.00107999995816499,0.02163200080394745,0,-0.013016999699175358,0.7682849764823914,0.6399760246276855,0,-0.017309999093413353,-0.6401069760322571,0.768090009689331,0,0,0.07939399778842926,0,1
K0.133,0.9563508033752441,-0.10793908685445786,0.27155551314353943,0,0.10912103950977325,0.9939699769020081,0.010788202285766602,0,-0.2710825502872467,0.019314879551529884,0.9623618125915527,0,0.012886048294603825,0.42852798104286194,-0.007590036373585463,1,0.9993600249290466,0.02874884381890297,-0.021301938220858574,0,-0.02895483933389187,0.9995359778404236,-0.009433750063180923,0,0.02102094329893589,0.010044747032225132,0.9997289776802063,0,0,0.028317999094724655,-0.001142999972216785,1,0.9979990124702454,0.028881173580884933,-0.05624695122241974,0,-0.02514217235147953,0.997497022151947,0.06608005613088608,0,0.058014966547489166,-0.06453404575586319,0.9962279796600342,0,0,0.03306400030851364,0,1,0.9981939792633057,0.031218163669109344,-0.0513269416987896,0,-0.0276801660656929,0.9972829818725586,0.0682610496878624,0,0.05331895500421524,-0.06671704351902008,0.9963459968566895,0,0,0.03778799995779991,0,1,0.9923760294914246,0.12322516739368439,-0.002202074509114027,0,-0.12314317375421524,0.990670919418335,-0.05836918205022812,0,-0.0050109620206058025,0.05819518864154816,0.9982929825782776,0,0,0.042511001229286194,0,1,0.977564811706543,0.1396264284849167,-0.15770548582077026,0,-0.18416465818881989,0.9299526810646057,-0.31823140382766724,0,0.1022251769900322,0.3401356041431427,0.9348037838935852,0,0,0.011487999930977821,0.0007229999755509198,1,-0.30641788244247437,-0.026458969339728355,-0.9515290856361389,0,0.9357510805130005,0.1749608963727951,-0.30620089173316956,0,0.17458190023899078,-0.984220027923584,-0.02885197475552559,0,0.02970699965953827,0.04022099822759628,-0.00013099999341648072,1,0.6153545379638672,0.6806049942970276,-0.39763563871383667,0,0.06686615198850632,0.4575645327568054,0.8866587281227112,0,0.7854092717170715,-0.5721985101699829,0.23605500161647797,0,0,0.05949300155043602,0,1,0.2928202748298645,0.9561591744422913,-0.0038870000280439854,0,-0.956149160861969,0.2928372919559479,0.005050003528594971,0,0.005967001896351576,0.002237003529444337,0.9999799728393555,0,0,0.13920100033283234,0,1,0.9459230899810791,-0.19777409732341766,-0.2571272850036621,0,0.19401510059833527,0.9801759719848633,-0.04017498344182968,0,0.2599753141403198,-0.011883891187608242,0.965542197227478,0,0,0.10313799977302551,0,1,-0.9589070081710815,-0.011750013567507267,0.2834770083427429,0,0.07192401587963104,0.9564369916915894,0.282939076423645,0,-0.2744530141353607,0.291701078414917,-0.9162889719009399,0,0,0.0555570013821125,0,1,0.9941350221633911,-0.09598300606012344,0.049824006855487823,0,0.09598300606012344,0.5708519220352173,-0.8154240846633911,0,0.04982500895857811,0.8154230713844299,0.576716959476471,0,0,0.00011999999696854502,0,1,0.9939079880714417,-0.09730600565671921,0.05175500735640526,0,0.09730600565671921,0.5542229413986206,-0.8266610503196716,0,0.05175500735640526,0.8266610503196716,0.560314953327179,0,0,0.00018000000272877514,0,1,0.036470118910074234,-0.0019869899842888117,0.9993330240249634,0,-0.9800040125846863,-0.195809006690979,0.03537612035870552,0,0.1956080049276352,-0.9806399941444397,-0.009088014252483845,0,-0.02970699965953827,0.04021700099110603,-0.00005400000009103678,1,0.8099737763404846,-0.3092920184135437,-0.49827831983566284,0,0.5854113101959229,0.3754529058933258,0.7185608148574829,0,-0.03516489639878273,-0.8737130165100098,0.4851699769496918,0,0,0.05949300155043602,0,1,-0.506152868270874,-0.8623730540275574,0.011040999554097652,0,0.8624420762062073,-0.5061379075050354,0.004337999038398266,0,0.0018479989375919104,0.011718000285327435,0.9999300241470337,0,0,0.13920700550079346,0,1,0.944909930229187,-0.31130924820899963,0.10115180164575577,0,0.2800302803516388,0.9288159608840942,0.24266093969345093,0,-0.16949385404586792,-0.2009679526090622,0.9648230671882629,0,0,0.10314899682998657,0,1,-0.9954910278320312,0.07763496041297913,0.05449499562382698,0,0.08972395956516266,0.9570979475975037,0.2755241096019745,0,-0.030765993520617485,0.2791711091995239,-0.9597479701042175,0,0,0.04397499933838844,0,1,0.3504909574985504,-0.9258869886398315,0.1410321146249771,0,0.7533869743347168,0.3681830167770386,0.5448389649391174,0,-0.5563840270042419,-0.08470988273620605,0.8265960216522217,0,0,0.006318999920040369,0,1,0.11404604464769363,0.7449600100517273,-0.6572880148887634,0,0.8520830869674683,-0.4135339558124542,-0.32084786891937256,0,-0.5108308792114258,-0.5234730839729309,-0.6819300651550293,0,-0.008437000215053558,0.0008670000243000686,-0.008456000126898289,1,-0.932138979434967,-0.280921995639801,0.22847400605678558,0,0.3037170171737671,-0.9501209855079651,0.0708901658654213,0,0.19716395437717438,0.13547015190124512,0.9709659814834595,0,0.03106899932026863,-0.015747999772429466,0.0008009999874047935,1,0.9927819967269897,0.11959807574748993,-0.00894189067184925,0,-0.1133200079202652,0.9110208749771118,-0.3964832127094269,0,-0.03927215188741684,0.3946351706981659,0.9179978966712952,0,0,0.18670399487018585,0,1,0.9964009523391724,-0.07194974273443222,0.04480590298771858,0,-0.016171665862202644,0.35753682255744934,0.9337590336799622,0,-0.08320266008377075,-0.9311239719390869,0.3550858497619629,0,0,0.1868789941072464,0,1,0.9997479915618896,-0.000006000000212225132,-0.022430000826716423,0,0.01397399976849556,0.782371997833252,0.6226549744606018,0,0.017544999718666077,-0.6228119730949402,0.7821750044822693,0,0,0.07976700365543365,0,1,-0.9998040199279785,0.012361953034996986,-0.015478845685720444,0,-0.013534941710531712,-0.9968529343605042,0.07811157405376434,0,-0.014463845640420914,0.07830557227134705,0.9968239665031433,0,-0.03106899932026863,-0.015747999772429466,0.0003760000108741224,1,0.9836779832839966,0.10983793437480927,0.14252199232578278,0,-0.05682586506009102,0.9411688446998596,-0.333126425743103,0,-0.1707269847393036,0.3195904493331909,0.9320487976074219,0,0,0.18669499456882477,0,1,0.9981570243835449,-0.059404950588941574,0.012431368231773376,0,0.014009637758135796,0.42481592297554016,0.9051710367202759,0,-0.05905311182141304,-0.9033280611038208,0.42486587166786194,0,0,0.18685199320316315,0,1,0.999750018119812,-0.000585997651796788,0.022362003102898598,0,-0.013714003376662731,0.7736920118331909,0.6334129571914673,0,-0.017673002555966377,-0.6335609555244446,0.7734910249710083,0,0,0.07939399778842926,0,1
